[19, 37]: 0.9847240108352946
[19, 55]: 0.9847536154654588
[19, 75]: 0.9877288807969566
[19, 88]: 0.9830365469159377
[19, 91]: 0.9911038086356706
[19, 106]: 0.9814230945719911
[19, 109]: 0.9910445993753423
[19, 127]: 0.990985390115014
[37, 55]: 0.9847832200956229
[37, 75]: 0.9877584854271207
[37, 88]: 0.9830661515461018
[37, 91]: 0.9911334132658348
[37, 106]: 0.9814526992021552
[37, 109]: 0.9910742040055065
[37, 127]: 0.9910149947451782
[55, 75]: 0.987788090057285
[55, 88]: 0.983095756176266
[55, 91]: 0.9911630178959989
[55, 106]: 0.9814823038323194
[55, 109]: 0.9911038086356706
[55, 127]: 0.9910445993753423
[75, 88]: 0.9860710215077638
[75, 91]: 0.9941382832274968
[75, 106]: 0.9844575691638172
[75, 109]: 0.9940790739671684
[75, 124]: 0.9828441168198706
[75, 127]: 0.9940198647068401
[88, 91]: 0.9906893438133724
[88, 109]: 0.9893867400861495
[88, 127]: 0.9893275308258211
[91, 106]: 0.9878324970025312
[91, 109]: 0.9974540018058824
[91, 124]: 0.9862190446585846
[91, 127]: 0.9973947925455541
[106, 109]: 0.9890758914694259
[106, 127]: 0.9877140784818745
[109, 124]: 0.9861598353982562
[109, 127]: 0.9973355832852258
[124, 127]: 0.9874624391254793
