[19, 37, 91, 109, 127]: 0.9808161996536259
[19, 55, 91, 109, 127]: 0.98084580428379
[19, 75, 91, 109, 127]: 0.9838210696152878
[19, 88, 91, 109, 127]: 0.9803721302011634
[37, 55, 91, 109, 127]: 0.9808754089139542
[37, 75, 91, 109, 127]: 0.983850674245452
[37, 88, 91, 109, 127]: 0.9804017348313276
[55, 75, 91, 109, 127]: 0.9838802788756161
[55, 88, 91, 109, 127]: 0.9804313394614917
[75, 88, 91, 109, 127]: 0.9834066047929896
[75, 91, 106, 109, 127]: 0.9818523617093713
[75, 91, 109, 124, 127]: 0.9802981186257531
