[170, 180]: 0.9769807935407576
[170, 184]: 0.9769807935407576
[170, 4428]: 0.9730049341434571
[170, 4438]: 0.9882559230110508
[170, 7062]: 0.9818537699302695
[180, 184]: 0.9839334502303959
[180, 4438]: 0.9818537699302695
[180, 7062]: 0.9754720058720385
[184, 4438]: 0.9818537699302695
[184, 7062]: 0.9754720058720385
[4426, 4438]: 0.9719447049708437
[4428, 4438]: 0.9805284834645027
[4428, 7062]: 0.9742486645190229
[4432, 4438]: 0.9718631488806426
[4434, 4438]: 0.9742078864739224
[4438, 7062]: 0.9894588753415161
