[170, 180]: 0.9769807935407576
[170, 184]: 0.9769807935407576
[170, 4426]: 0.9646046568527504
[170, 4428]: 0.9730049341434571
[170, 4432]: 0.964176487379195
[170, 4434]: 0.9663988908371732
[170, 4438]: 0.9882559230110508
[170, 4940]: 0.9622191412143701
[170, 7062]: 0.9818537699302695
[170, 7092]: 0.9597520694857888
[180, 184]: 0.9839334502303959
[180, 4426]: 0.9582432818170696
[180, 4428]: 0.9666843371528769
[180, 4432]: 0.9577743342984137
[180, 4434]: 0.9599559597112914
[180, 4438]: 0.9818537699302695
[180, 4940]: 0.9561024344492925
[180, 7062]: 0.9754720058720385
[180, 7092]: 0.954165477307018
[184, 4426]: 0.9582432818170696
[184, 4428]: 0.9666843371528769
[184, 4432]: 0.9577743342984137
[184, 4434]: 0.9599559597112914
[184, 4438]: 0.9818537699302695
[184, 4940]: 0.9561024344492925
[184, 7062]: 0.9754720058720385
[184, 7092]: 0.954165477307018
[188, 4438]: 0.9552868735472821
[4426, 4428]: 0.9649104921910043
[4426, 4434]: 0.9501692288871671
[4426, 4438]: 0.9719447049708437
[4426, 7062]: 0.9656037189577131
[4428, 4432]: 0.9586918403131753
[4428, 4434]: 0.9592015658769318
[4428, 4438]: 0.9805284834645027
[4428, 4940]: 0.954573257758023
[4428, 7062]: 0.9742486645190229
[4428, 7092]: 0.952126575051992
[4432, 4434]: 0.9560004893365412
[4432, 4438]: 0.9718631488806426
[4432, 7062]: 0.9658483872283162
[4434, 4438]: 0.9742078864739224
[4434, 7062]: 0.9678872894833421
[4436, 4438]: 0.9577743342984137
[4436, 7062]: 0.9515556824205847
[4438, 4940]: 0.9692737430167597
[4438, 7062]: 0.9894588753415161
[4438, 7092]: 0.9669697834685805
[4940, 7062]: 0.9629327570036292
[7062, 7092]: 0.960710353545651
