[170, 180, 184, 4426]: 0.951412959262733
[170, 180, 184, 4428]: 0.9597724585083391
[170, 180, 184, 4432]: 0.950862455653876
[170, 180, 184, 4434]: 0.9530848591118541
[170, 180, 184, 4438]: 0.9749011132406312
[170, 180, 184, 7062]: 0.9685193491824002
[170, 180, 4428, 4438]: 0.9576927782082127
[170, 180, 4428, 7062]: 0.9514741263303838
[170, 180, 4434, 4438]: 0.9513517921950821
[170, 180, 4438, 7062]: 0.9665008359499245
[170, 184, 4428, 4438]: 0.9576927782082127
[170, 184, 4428, 7062]: 0.9514741263303838
[170, 184, 4434, 4438]: 0.9513517921950821
[170, 184, 4438, 7062]: 0.9665008359499245
[170, 4426, 4428, 4438]: 0.9534518615177588
[170, 4426, 4438, 7062]: 0.9542062553521184
[170, 4428, 4438, 7062]: 0.9626676997104758
[170, 4432, 4438, 7062]: 0.9544509236227215
[170, 4434, 4438, 7062]: 0.95669371610325
[170, 4438, 4940, 7062]: 0.9518411287362883
[180, 184, 4426, 4438]: 0.9561636015169432
[180, 184, 4428, 4438]: 0.9646046568527504
[180, 184, 4428, 7062]: 0.9583860049749215
[180, 184, 4432, 4438]: 0.9558781552012396
[180, 184, 4434, 4438]: 0.9582228927945194
[180, 184, 4434, 7062]: 0.95196346287159
[180, 184, 4438, 4940]: 0.9540431431717163
[180, 184, 4438, 7062]: 0.9734534926395628
[180, 184, 4438, 7092]: 0.952126575051992
[180, 4428, 4438, 7062]: 0.9563674917424458
[180, 4434, 4438, 7062]: 0.9502711739999185
[184, 4428, 4438, 7062]: 0.9563674917424458
[184, 4434, 4438, 7062]: 0.9502711739999185
[4426, 4428, 4438, 7062]: 0.954573257758023
