[33, 217, 283]: 0.00793
[33, 217, 346]: 0.00802
[33, 217, 515]: 0.00789
[33, 283, 346]: 0.00802
[33, 283, 515]: 0.00786
[33, 346, 515]: 0.00797
[39, 704, 825]: 0.01035
[208, 290, 458]: 0.00751
[208, 290, 888]: 0.00764
[208, 290, 969]: 0.00764
[208, 458, 888]: 0.00757
[208, 458, 969]: 0.00755
[208, 888, 969]: 0.00771
[217, 283, 346]: 0.00827
[217, 283, 515]: 0.00799
[217, 346, 515]: 0.00809
[227, 390, 722]: 0.00907
[283, 346, 515]: 0.00806
[290, 458, 888]: 0.0075
[290, 458, 969]: 0.00748
[290, 888, 969]: 0.00765
[458, 888, 969]: 0.00756
[529, 598, 782]: 0.00737
[571, 623, 795]: 0.00704
[571, 623, 853]: 0.00713
[571, 795, 853]: 0.00715
[623, 795, 853]: 0.0072
