[19, 37, 91, 109]: 0.9821780126411771
[19, 37, 91, 127]: 0.9821188033808488
[19, 37, 109, 127]: 0.9820595941205205
[19, 55, 91, 109]: 0.9822076172713412
[19, 55, 91, 127]: 0.9821484080110129
[19, 55, 109, 127]: 0.9820891987506846
[19, 75, 91, 109]: 0.985182882602839
[19, 75, 91, 127]: 0.9851236733425107
[19, 75, 109, 127]: 0.9850644640821824
[19, 88, 91, 109]: 0.9817339431887148
[19, 88, 91, 127]: 0.9816747339283864
[19, 88, 109, 127]: 0.9803721302011634
[19, 91, 106, 109]: 0.9801797001050965
[19, 91, 109, 127]: 0.9884393919208965
[19, 106, 109, 127]: 0.9800612815844398
[37, 55, 91, 109]: 0.9822372219015054
[37, 55, 91, 127]: 0.9821780126411771
[37, 55, 109, 127]: 0.9821188033808488
[37, 75, 91, 109]: 0.9852124872330033
[37, 75, 91, 127]: 0.9851532779726749
[37, 75, 109, 127]: 0.9850940687123466
[37, 88, 91, 109]: 0.9817635478188789
[37, 88, 91, 127]: 0.9817043385585505
[37, 88, 109, 127]: 0.9804017348313276
[37, 91, 106, 109]: 0.9802093047352606
[37, 91, 109, 127]: 0.9884689965510606
[37, 106, 109, 127]: 0.9800908862146039
[55, 75, 91, 109]: 0.9852420918631674
[55, 75, 91, 127]: 0.985182882602839
[55, 75, 109, 127]: 0.9851236733425107
[55, 88, 91, 109]: 0.9817931524490431
[55, 88, 91, 127]: 0.9817339431887148
[55, 88, 109, 127]: 0.9804313394614917
[55, 91, 106, 109]: 0.9802389093654248
[55, 91, 109, 127]: 0.9884986011812248
[55, 106, 109, 127]: 0.9801204908447682
[75, 88, 91, 109]: 0.9847684177805409
[75, 88, 91, 127]: 0.9847092085202126
[75, 88, 109, 127]: 0.9834066047929896
[75, 91, 106, 109]: 0.9832141746969226
[75, 91, 106, 127]: 0.9818523617093713
[75, 91, 109, 124]: 0.9802981186257531
[75, 91, 109, 127]: 0.9914738665127226
[75, 91, 124, 127]: 0.981600722352976
[75, 106, 109, 127]: 0.983095756176266
[75, 109, 124, 127]: 0.9815415130926477
[88, 91, 109, 127]: 0.9880249270985982
[91, 106, 109, 127]: 0.98647068401498
[91, 109, 124, 127]: 0.9849164409313617
