[5, 29, 34, 58]: 0.9023779724655819
[5, 29, 40, 52]: 0.9173967459324155
[5, 29, 40, 58]: 0.9205256570713392
[5, 29, 40, 60]: 0.9070713391739674
[5, 29, 52, 58]: 0.9236545682102628
[5, 29, 52, 60]: 0.9098873591989988
[5, 29, 58, 60]: 0.9130162703379224
[5, 34, 52, 58]: 0.9008135168961201
[5, 40, 52, 58]: 0.9192740926157698
[5, 40, 52, 60]: 0.9051939924906133
[5, 40, 58, 60]: 0.9083229036295369
[5, 52, 58, 60]: 0.9111389236545682
[7, 29, 34, 40]: 0.9089486858573217
[7, 29, 34, 52]: 0.9133291614518148
[7, 29, 34, 58]: 0.9158322903629537
[7, 29, 34, 60]: 0.9020650813516896
[7, 29, 36, 40]: 0.9217772215269087
[7, 29, 36, 52]: 0.9264705882352942
[7, 29, 36, 58]: 0.9295994993742178
[7, 29, 36, 60]: 0.9158322903629537
[7, 29, 40, 52]: 0.9486858573216521
[7, 29, 40, 56]: 0.9033166458072591
[7, 29, 40, 58]: 0.9518147684605757
[7, 29, 40, 60]: 0.938360450563204
[7, 29, 40, 62]: 0.9130162703379224
[7, 29, 40, 66]: 0.9005006257822278
[7, 29, 48, 58]: 0.9026908635794744
[7, 29, 52, 56]: 0.9095744680851063
[7, 29, 52, 58]: 0.9565081351689612
[7, 29, 52, 60]: 0.9427409261576971
[7, 29, 52, 62]: 0.9142678347934918
[7, 29, 52, 66]: 0.9045682102628285
[7, 29, 56, 58]: 0.9108260325406758
[7, 29, 58, 60]: 0.9458698372966208
[7, 29, 58, 62]: 0.9177096370463079
[7, 29, 58, 66]: 0.9076971214017522
[7, 29, 60, 62]: 0.9039424280350438
[7, 29, 60, 66]: 0.9080100125156445
[7, 34, 40, 52]: 0.9067584480600751
[7, 34, 40, 58]: 0.909261576971214
[7, 34, 52, 58]: 0.9136420525657072
[7, 34, 58, 60]: 0.9023779724655819
[7, 36, 40, 52]: 0.9205256570713392
[7, 36, 40, 58]: 0.9236545682102628
[7, 36, 40, 60]: 0.9102002503128911
[7, 36, 52, 58]: 0.9283479349186483
[7, 36, 52, 60]: 0.9145807259073843
[7, 36, 58, 60]: 0.9177096370463079
[7, 40, 52, 56]: 0.9039424280350438
[7, 40, 52, 58]: 0.9505632040050063
[7, 40, 52, 60]: 0.9371088861076345
[7, 40, 52, 62]: 0.9117647058823529
[7, 40, 56, 58]: 0.9051939924906133
[7, 40, 58, 60]: 0.9402377972465582
[7, 40, 58, 62]: 0.9152065081351689
[7, 40, 58, 66]: 0.9014392991239049
[7, 40, 60, 62]: 0.9014392991239049
[7, 40, 60, 66]: 0.9017521902377973
[7, 48, 52, 58]: 0.9014392991239049
[7, 52, 56, 58]: 0.9114518147684606
[7, 52, 58, 60]: 0.9446182728410513
[7, 52, 58, 62]: 0.9164580725907384
[7, 52, 58, 66]: 0.9055068836045056
[7, 52, 60, 62]: 0.9026908635794744
[7, 52, 60, 66]: 0.905819774718398
[7, 58, 60, 62]: 0.9061326658322904
[7, 58, 60, 66]: 0.9089486858573217
[29, 34, 36, 40]: 0.9123904881101377
[29, 34, 36, 52]: 0.9167709637046307
[29, 34, 36, 58]: 0.9192740926157698
[29, 34, 36, 60]: 0.9055068836045056
[29, 34, 40, 52]: 0.9399249061326659
[29, 34, 40, 58]: 0.9424280350438048
[29, 34, 40, 60]: 0.9289737171464331
[29, 34, 40, 62]: 0.9064455569461827
[29, 34, 52, 58]: 0.9468085106382979
[29, 34, 52, 60]: 0.9330413016270338
[29, 34, 52, 62]: 0.9073842302878599
[29, 34, 56, 58]: 0.9008135168961201
[29, 34, 58, 60]: 0.9355444305381727
[29, 34, 58, 62]: 0.9102002503128911
[29, 34, 58, 66]: 0.9014392991239049
[29, 34, 60, 66]: 0.9017521902377973
[29, 36, 40, 48]: 0.9217772215269087
[29, 36, 40, 52]: 0.9533792240300375
[29, 36, 40, 56]: 0.9023779724655819
[29, 36, 40, 58]: 0.9565081351689612
[29, 36, 40, 60]: 0.9430538172715894
[29, 36, 40, 62]: 0.9177096370463079
[29, 36, 40, 66]: 0.904881101376721
[29, 36, 48, 52]: 0.9264705882352942
[29, 36, 48, 58]: 0.9295994993742178
[29, 36, 48, 60]: 0.922090112640801
[29, 36, 52, 56]: 0.9086357947434293
[29, 36, 52, 58]: 0.9612015018773467
[29, 36, 52, 60]: 0.9474342928660826
[29, 36, 52, 62]: 0.9189612015018773
[29, 36, 52, 66]: 0.9089486858573217
[29, 36, 56, 58]: 0.9098873591989988
[29, 36, 58, 60]: 0.9505632040050063
[29, 36, 58, 62]: 0.9224030037546934
[29, 36, 58, 66]: 0.9120775969962454
[29, 36, 60, 62]: 0.9086357947434293
[29, 36, 60, 66]: 0.9123904881101377
[29, 40, 48, 52]: 0.9264705882352942
[29, 40, 48, 58]: 0.9295994993742178
[29, 40, 48, 60]: 0.9224030037546934
[29, 40, 52, 56]: 0.9311639549436797
[29, 40, 52, 58]: 0.9834167709637046
[29, 40, 52, 60]: 0.9699624530663329
[29, 40, 52, 62]: 0.9446182728410513
[29, 40, 52, 66]: 0.9317897371714643
[29, 40, 56, 58]: 0.932415519399249
[29, 40, 56, 60]: 0.9189612015018773
[29, 40, 56, 62]: 0.9055068836045056
[29, 40, 58, 60]: 0.9730913642052565
[29, 40, 58, 62]: 0.9480600750938674
[29, 40, 58, 66]: 0.934918648310388
[29, 40, 60, 62]: 0.9342928660826032
[29, 40, 60, 66]: 0.9352315394242804
[29, 48, 52, 58]: 0.9342928660826032
[29, 48, 52, 60]: 0.9267834793491865
[29, 48, 58, 60]: 0.9299123904881101
[29, 52, 56, 58]: 0.9386733416770964
[29, 52, 56, 60]: 0.9249061326658323
[29, 52, 56, 62]: 0.9083229036295369
[29, 52, 58, 60]: 0.9774718397997497
[29, 52, 58, 62]: 0.9493116395494368
[29, 52, 58, 66]: 0.9389862327909887
[29, 52, 60, 62]: 0.9355444305381727
[29, 52, 60, 66]: 0.9392991239048811
[29, 56, 58, 60]: 0.9261576971214017
[29, 56, 58, 62]: 0.9098873591989988
[29, 58, 60, 62]: 0.9389862327909887
[29, 58, 60, 66]: 0.9424280350438048
[29, 58, 62, 66]: 0.9023779724655819
[29, 60, 62, 66]: 0.9023779724655819
[34, 36, 40, 52]: 0.9108260325406758
[34, 36, 40, 58]: 0.9133291614518148
[34, 36, 52, 58]: 0.9177096370463079
[34, 36, 52, 60]: 0.9039424280350438
[34, 36, 58, 60]: 0.9064455569461827
[34, 40, 52, 58]: 0.940863579474343
[34, 40, 52, 60]: 0.9274092615769712
[34, 40, 52, 62]: 0.904881101376721
[34, 40, 58, 60]: 0.9299123904881101
[34, 40, 58, 62]: 0.9076971214017522
[34, 52, 56, 58]: 0.9005006257822278
[34, 52, 58, 60]: 0.9339799749687109
[34, 52, 58, 62]: 0.9086357947434293
[34, 52, 60, 66]: 0.9001877346683355
[34, 58, 60, 66]: 0.9026908635794744
[36, 40, 48, 52]: 0.9230287859824781
[36, 40, 48, 58]: 0.9261576971214017
[36, 40, 48, 60]: 0.9183354192740926
[36, 40, 52, 56]: 0.9055068836045056
[36, 40, 52, 58]: 0.9577596996245307
[36, 40, 52, 60]: 0.9436795994993742
[36, 40, 52, 62]: 0.9189612015018773
[36, 40, 52, 66]: 0.9039424280350438
[36, 40, 56, 58]: 0.9067584480600751
[36, 40, 58, 60]: 0.9468085106382979
[36, 40, 58, 62]: 0.9224030037546934
[36, 40, 58, 66]: 0.9070713391739674
[36, 40, 60, 62]: 0.9080100125156445
[36, 40, 60, 66]: 0.9073842302878599
[36, 48, 52, 58]: 0.9308510638297872
[36, 48, 52, 60]: 0.9227158948685857
[36, 48, 58, 60]: 0.9258448060075094
[36, 52, 56, 58]: 0.9130162703379224
[36, 52, 58, 60]: 0.951188986232791
[36, 52, 58, 62]: 0.9236545682102628
[36, 52, 58, 66]: 0.9111389236545682
[36, 52, 60, 62]: 0.909261576971214
[36, 52, 60, 66]: 0.9114518147684606
[36, 58, 60, 62]: 0.91270337922403
[36, 58, 60, 66]: 0.9145807259073843
[40, 48, 52, 58]: 0.9308510638297872
[40, 48, 52, 60]: 0.9230287859824781
[40, 48, 58, 60]: 0.9261576971214017
[40, 52, 56, 58]: 0.9355444305381727
[40, 52, 56, 60]: 0.9214643304130162
[40, 52, 56, 62]: 0.9086357947434293
[40, 52, 58, 60]: 0.9737171464330413
[40, 52, 58, 62]: 0.9493116395494368
[40, 52, 58, 66]: 0.9339799749687109
[40, 52, 60, 62]: 0.934918648310388
[40, 52, 60, 66]: 0.9342928660826032
[40, 56, 58, 60]: 0.9227158948685857
[40, 56, 58, 62]: 0.9102002503128911
[40, 58, 60, 62]: 0.938360450563204
[40, 58, 60, 66]: 0.9374217772215269
[40, 58, 62, 66]: 0.9001877346683355
[40, 60, 62, 66]: 0.9001877346683355
[48, 52, 58, 60]: 0.9305381727158949
[52, 56, 58, 60]: 0.9286608260325406
[52, 56, 58, 62]: 0.9130162703379224
[52, 58, 60, 62]: 0.9396120150187734
[52, 58, 60, 66]: 0.9414893617021277
[52, 58, 62, 66]: 0.9014392991239049
[52, 60, 62, 66]: 0.9014392991239049
[56, 58, 60, 62]: 0.9001877346683355
[58, 60, 62, 66]: 0.904881101376721
