[5, 29, 40, 52, 58]: 0.9170838548185232
[5, 29, 40, 52, 60]: 0.9036295369211514
[5, 29, 40, 58, 60]: 0.9067584480600751
[5, 29, 52, 58, 60]: 0.9095744680851063
[5, 40, 52, 58, 60]: 0.904881101376721
[7, 29, 34, 40, 52]: 0.9061326658322904
[7, 29, 34, 40, 58]: 0.9086357947434293
[7, 29, 34, 52, 58]: 0.9130162703379224
[7, 29, 34, 58, 60]: 0.9017521902377973
[7, 29, 36, 40, 52]: 0.9183354192740926
[7, 29, 36, 40, 58]: 0.9214643304130162
[7, 29, 36, 40, 60]: 0.9080100125156445
[7, 29, 36, 52, 58]: 0.9261576971214017
[7, 29, 36, 52, 60]: 0.9123904881101377
[7, 29, 36, 58, 60]: 0.9155193992490613
[7, 29, 40, 52, 56]: 0.9017521902377973
[7, 29, 40, 52, 58]: 0.9483729662077597
[7, 29, 40, 52, 60]: 0.934918648310388
[7, 29, 40, 52, 62]: 0.9095744680851063
[7, 29, 40, 56, 58]: 0.9030037546933667
[7, 29, 40, 58, 60]: 0.9380475594493116
[7, 29, 40, 58, 62]: 0.9130162703379224
[7, 29, 40, 58, 66]: 0.9001877346683355
[7, 29, 40, 60, 66]: 0.9005006257822278
[7, 29, 52, 56, 58]: 0.909261576971214
[7, 29, 52, 58, 60]: 0.9424280350438048
[7, 29, 52, 58, 62]: 0.9142678347934918
[7, 29, 52, 58, 66]: 0.9042553191489362
[7, 29, 52, 60, 62]: 0.9005006257822278
[7, 29, 52, 60, 66]: 0.9045682102628285
[7, 29, 58, 60, 62]: 0.9039424280350438
[7, 29, 58, 60, 66]: 0.9076971214017522
[7, 34, 40, 52, 58]: 0.9064455569461827
[7, 36, 40, 52, 58]: 0.9202127659574468
[7, 36, 40, 52, 60]: 0.9067584480600751
[7, 36, 40, 58, 60]: 0.9098873591989988
[7, 36, 52, 58, 60]: 0.9142678347934918
[7, 40, 52, 56, 58]: 0.9036295369211514
[7, 40, 52, 58, 60]: 0.9367959949937422
[7, 40, 52, 58, 62]: 0.9117647058823529
[7, 40, 58, 60, 62]: 0.9014392991239049
[7, 40, 58, 60, 66]: 0.9014392991239049
[7, 52, 58, 60, 62]: 0.9026908635794744
[7, 52, 58, 60, 66]: 0.9055068836045056
[29, 34, 36, 40, 52]: 0.9095744680851063
[29, 34, 36, 40, 58]: 0.9120775969962454
[29, 34, 36, 52, 58]: 0.9164580725907384
[29, 34, 36, 52, 60]: 0.9026908635794744
[29, 34, 36, 58, 60]: 0.9051939924906133
[29, 34, 40, 52, 58]: 0.9396120150187734
[29, 34, 40, 52, 60]: 0.9261576971214017
[29, 34, 40, 52, 62]: 0.9036295369211514
[29, 34, 40, 58, 60]: 0.9286608260325406
[29, 34, 40, 58, 62]: 0.9064455569461827
[29, 34, 52, 58, 60]: 0.9327284105131415
[29, 34, 52, 58, 62]: 0.9073842302878599
[29, 34, 58, 60, 66]: 0.9014392991239049
[29, 36, 40, 48, 52]: 0.9183354192740926
[29, 36, 40, 48, 58]: 0.9214643304130162
[29, 36, 40, 48, 60]: 0.9142678347934918
[29, 36, 40, 52, 56]: 0.9008135168961201
[29, 36, 40, 52, 58]: 0.9530663329161452
[29, 36, 40, 52, 60]: 0.9396120150187734
[29, 36, 40, 52, 62]: 0.9142678347934918
[29, 36, 40, 52, 66]: 0.9014392991239049
[29, 36, 40, 56, 58]: 0.9020650813516896
[29, 36, 40, 58, 60]: 0.9427409261576971
[29, 36, 40, 58, 62]: 0.9177096370463079
[29, 36, 40, 58, 66]: 0.9045682102628285
[29, 36, 40, 60, 62]: 0.9039424280350438
[29, 36, 40, 60, 66]: 0.904881101376721
[29, 36, 48, 52, 58]: 0.9261576971214017
[29, 36, 48, 52, 60]: 0.918648310387985
[29, 36, 48, 58, 60]: 0.9217772215269087
[29, 36, 52, 56, 58]: 0.9083229036295369
[29, 36, 52, 58, 60]: 0.9471214017521903
[29, 36, 52, 58, 62]: 0.9189612015018773
[29, 36, 52, 58, 66]: 0.9086357947434293
[29, 36, 52, 60, 62]: 0.9051939924906133
[29, 36, 52, 60, 66]: 0.9089486858573217
[29, 36, 58, 60, 62]: 0.9086357947434293
[29, 36, 58, 60, 66]: 0.9120775969962454
[29, 40, 48, 52, 58]: 0.9261576971214017
[29, 40, 48, 52, 60]: 0.9189612015018773
[29, 40, 48, 58, 60]: 0.922090112640801
[29, 40, 52, 56, 58]: 0.9308510638297872
[29, 40, 52, 56, 60]: 0.9173967459324155
[29, 40, 52, 56, 62]: 0.9039424280350438
[29, 40, 52, 58, 60]: 0.9696495619524406
[29, 40, 52, 58, 62]: 0.9446182728410513
[29, 40, 52, 58, 66]: 0.931476846057572
[29, 40, 52, 60, 62]: 0.9308510638297872
[29, 40, 52, 60, 66]: 0.9317897371714643
[29, 40, 56, 58, 60]: 0.918648310387985
[29, 40, 56, 58, 62]: 0.9055068836045056
[29, 40, 58, 60, 62]: 0.9342928660826032
[29, 40, 58, 60, 66]: 0.934918648310388
[29, 48, 52, 58, 60]: 0.9264705882352942
[29, 52, 56, 58, 60]: 0.9245932415519399
[29, 52, 56, 58, 62]: 0.9083229036295369
[29, 52, 58, 60, 62]: 0.9355444305381727
[29, 52, 58, 60, 66]: 0.9389862327909887
[29, 58, 60, 62, 66]: 0.9023779724655819
[34, 36, 40, 52, 58]: 0.9105131414267835
[34, 36, 52, 58, 60]: 0.9036295369211514
[34, 40, 52, 58, 60]: 0.9270963704630788
[34, 40, 52, 58, 62]: 0.904881101376721
[36, 40, 48, 52, 58]: 0.9227158948685857
[36, 40, 48, 52, 60]: 0.9148936170212766
[36, 40, 48, 58, 60]: 0.9180225281602002
[36, 40, 52, 56, 58]: 0.9051939924906133
[36, 40, 52, 58, 60]: 0.9433667083854819
[36, 40, 52, 58, 62]: 0.9189612015018773
[36, 40, 52, 58, 66]: 0.9036295369211514
[36, 40, 52, 60, 62]: 0.9045682102628285
[36, 40, 52, 60, 66]: 0.9039424280350438
[36, 40, 58, 60, 62]: 0.9080100125156445
[36, 40, 58, 60, 66]: 0.9070713391739674
[36, 48, 52, 58, 60]: 0.9224030037546934
[36, 52, 58, 60, 62]: 0.909261576971214
[36, 52, 58, 60, 66]: 0.9111389236545682
[40, 48, 52, 58, 60]: 0.9227158948685857
[40, 52, 56, 58, 60]: 0.9211514392991239
[40, 52, 56, 58, 62]: 0.9086357947434293
[40, 52, 58, 60, 62]: 0.934918648310388
[40, 52, 58, 60, 66]: 0.9339799749687109
[40, 58, 60, 62, 66]: 0.9001877346683355
[52, 58, 60, 62, 66]: 0.9014392991239049
