[84, 161]: 0.7436895975206949
[84, 168]: 0.739448680830241
[84, 4496]: 0.673388247767402
[84, 4499]: 0.7046242303143987
[84, 4502]: 0.706928189862578
[161, 168]: 0.739448680830241
[161, 277]: 0.6600334379969824
[161, 4496]: 0.6736125270154549
[161, 4499]: 0.7050320107654039
[161, 4502]: 0.7073359703135832
[168, 4496]: 0.6724503527300901
[168, 4499]: 0.7032377767809811
[168, 4502]: 0.7055621253517106
[4496, 4499]: 0.6919626473106879
[4496, 4502]: 0.6846633772376952
[4499, 4502]: 0.7292745585776618
[4933, 4937]: 0.7173265913632101
