[84, 161, 168]: 0.739448680830241
[84, 161, 4496]: 0.673388247767402
[84, 161, 4499]: 0.7046242303143987
[84, 161, 4502]: 0.706928189862578
[84, 168, 4496]: 0.6724503527300901
[84, 168, 4499]: 0.7032377767809811
[84, 168, 4502]: 0.7055621253517106
[84, 4496, 4499]: 0.6678628226562818
[84, 4496, 4502]: 0.6607470537862414
[84, 4499, 4502]: 0.6923092606940423
[161, 168, 4496]: 0.6724503527300901
[161, 168, 4499]: 0.7032377767809811
[161, 168, 4502]: 0.7055621253517106
[161, 4496, 4499]: 0.6680667128817844
[161, 4496, 4502]: 0.660950944011744
[161, 4499, 4502]: 0.6926966521224972
[168, 4496, 4499]: 0.6669249276189699
[168, 4499, 4502]: 0.690943196183175
[4496, 4499, 4502]: 0.6815846348326061
