[3, 5]: 0.8257196495619524
[3, 7]: 0.8651439299123905
[3, 9]: 0.8044430538172715
[3, 29]: 0.8882978723404256
[3, 34]: 0.8466833541927409
[3, 36]: 0.8591989987484355
[3, 40]: 0.880162703379224
[3, 48]: 0.8360450563204005
[3, 52]: 0.8854818523153942
[3, 56]: 0.8460575719649562
[3, 58]: 0.8882978723404256
[3, 60]: 0.8776595744680851
[3, 62]: 0.8523153942428036
[3, 66]: 0.8457446808510638
[5, 7]: 0.8945556946182729
[5, 9]: 0.8394868585732165
[5, 25]: 0.8288485607008761
[5, 29]: 0.9274092615769712
[5, 34]: 0.9039424280350438
[5, 36]: 0.8992490613266583
[5, 40]: 0.9230287859824781
[5, 42]: 0.8016270337922403
[5, 48]: 0.8723404255319149
[5, 52]: 0.9261576971214017
[5, 56]: 0.8770337922403004
[5, 58]: 0.9292866082603254
[5, 60]: 0.9148936170212766
[5, 62]: 0.8945556946182729
[5, 66]: 0.886107634543179
[7, 9]: 0.8620150187734669
[7, 25]: 0.8582603254067585
[7, 29]: 0.9602628285356696
[7, 34]: 0.9167709637046307
[7, 36]: 0.9321026282853567
[7, 40]: 0.9543178973717147
[7, 42]: 0.8144555694618273
[7, 48]: 0.9051939924906133
[7, 52]: 0.9590112640801002
[7, 56]: 0.9133291614518148
[7, 58]: 0.9621401752190237
[7, 60]: 0.9483729662077597
[7, 62]: 0.9198998748435544
[7, 66]: 0.909261576971214
[9, 29]: 0.8967459324155194
[9, 34]: 0.8613892365456821
[9, 36]: 0.8688986232790988
[9, 40]: 0.8923654568210263
[9, 48]: 0.8419899874843555
[9, 52]: 0.8967459324155194
[9, 56]: 0.8610763454317898
[9, 58]: 0.898936170212766
[9, 60]: 0.8870463078848561
[9, 62]: 0.860450563204005
[9, 66]: 0.8494993742177722
[25, 29]: 0.8911138923654568
[25, 34]: 0.8485607008760951
[25, 36]: 0.8742177722152691
[25, 40]: 0.8867334167709637
[25, 48]: 0.8601376720901126
[25, 52]: 0.8917396745932415
[25, 56]: 0.8438673341677096
[25, 58]: 0.8945556946182729
[25, 60]: 0.886107634543179
[25, 62]: 0.8566958698372966
[25, 66]: 0.8494993742177722
[29, 34]: 0.9499374217772215
[29, 36]: 0.9649561952440551
[29, 40]: 0.987171464330413
[29, 42]: 0.8454317897371715
[29, 44]: 0.8125782227784731
[29, 48]: 0.9380475594493116
[29, 52]: 0.9918648310387985
[29, 56]: 0.9405506883604505
[29, 58]: 0.9949937421777222
[29, 60]: 0.981226533166458
[29, 62]: 0.9527534418022529
[29, 64]: 0.818523153942428
[29, 66]: 0.9427409261576971
[34, 36]: 0.9208385481852316
[34, 40]: 0.9439924906132666
[34, 42]: 0.814142678347935
[34, 48]: 0.8939299123904881
[34, 52]: 0.9483729662077597
[34, 56]: 0.9023779724655819
[34, 58]: 0.9508760951188986
[34, 60]: 0.9371088861076345
[34, 62]: 0.9114518147684606
[34, 66]: 0.9030037546933667
[36, 40]: 0.9615143929912391
[36, 42]: 0.8216520650813517
[36, 48]: 0.9346057571964956
[36, 52]: 0.9662077596996246
[36, 56]: 0.9148936170212766
[36, 58]: 0.9693366708385481
[36, 60]: 0.9549436795994993
[36, 62]: 0.9270963704630788
[36, 66]: 0.9148936170212766
[40, 42]: 0.8438673341677096
[40, 44]: 0.809136420525657
[40, 48]: 0.9346057571964956
[40, 52]: 0.9884230287859824
[40, 56]: 0.9374217772215269
[40, 58]: 0.9915519399249061
[40, 60]: 0.9774718397997497
[40, 62]: 0.9527534418022529
[40, 64]: 0.8229036295369212
[40, 66]: 0.9377346683354193
[42, 48]: 0.8022528160200251
[42, 52]: 0.8473091364205256
[42, 56]: 0.8041301627033792
[42, 58]: 0.8488735919899875
[42, 60]: 0.8410513141426783
[42, 62]: 0.8128911138923655
[42, 66]: 0.8172715894868585
[44, 52]: 0.8138297872340425
[44, 58]: 0.8169586983729662
[44, 60]: 0.8025657071339174
[48, 52]: 0.9392991239048811
[48, 56]: 0.8879849812265331
[48, 58]: 0.9424280350438048
[48, 60]: 0.9342928660826032
[48, 62]: 0.9001877346683355
[48, 66]: 0.898936170212766
[52, 56]: 0.9436795994993742
[52, 58]: 0.9962453066332916
[52, 60]: 0.9818523153942428
[52, 62]: 0.9540050062578223
[52, 64]: 0.8229036295369212
[52, 66]: 0.94180225281602
[56, 58]: 0.9449311639549437
[56, 60]: 0.9305381727158949
[56, 62]: 0.9145807259073843
[56, 66]: 0.890488110137672
[58, 60]: 0.9849812265331664
[58, 62]: 0.9574468085106383
[58, 64]: 0.8229036295369212
[58, 66]: 0.9449311639549437
[60, 62]: 0.9430538172715894
[60, 64]: 0.8085106382978723
[60, 66]: 0.945244055068836
[62, 66]: 0.904881101376721
