[3, 5, 7]: 0.8035043804755945
[3, 5, 29]: 0.8257196495619524
[3, 5, 34]: 0.804755944931164
[3, 5, 40]: 0.8191489361702128
[3, 5, 52]: 0.8229036295369212
[3, 5, 58]: 0.8257196495619524
[3, 5, 60]: 0.815081351689612
[3, 7, 29]: 0.8651439299123905
[3, 7, 34]: 0.8235294117647058
[3, 7, 36]: 0.8360450563204005
[3, 7, 40]: 0.8570087609511889
[3, 7, 48]: 0.8128911138923655
[3, 7, 52]: 0.8623279098873592
[3, 7, 56]: 0.8229036295369212
[3, 7, 58]: 0.8651439299123905
[3, 7, 60]: 0.85450563204005
[3, 7, 62]: 0.8291614518147684
[3, 7, 66]: 0.8229036295369212
[3, 9, 29]: 0.8044430538172715
[3, 9, 52]: 0.8025657071339174
[3, 9, 58]: 0.8044430538172715
[3, 29, 34]: 0.8466833541927409
[3, 29, 36]: 0.8591989987484355
[3, 29, 40]: 0.880162703379224
[3, 29, 48]: 0.8360450563204005
[3, 29, 52]: 0.8854818523153942
[3, 29, 56]: 0.8460575719649562
[3, 29, 58]: 0.8882978723404256
[3, 29, 60]: 0.8776595744680851
[3, 29, 62]: 0.8523153942428036
[3, 29, 66]: 0.8457446808510638
[3, 34, 36]: 0.817584480600751
[3, 34, 40]: 0.8394868585732165
[3, 34, 52]: 0.8444931163954944
[3, 34, 56]: 0.8097622027534418
[3, 34, 58]: 0.8466833541927409
[3, 34, 60]: 0.8360450563204005
[3, 34, 62]: 0.8135168961201502
[3, 34, 66]: 0.8085106382978723
[3, 36, 40]: 0.851063829787234
[3, 36, 48]: 0.827909887359199
[3, 36, 52]: 0.8563829787234043
[3, 36, 56]: 0.8169586983729662
[3, 36, 58]: 0.8591989987484355
[3, 36, 60]: 0.8485607008760951
[3, 36, 62]: 0.8232165206508135
[3, 36, 66]: 0.8166458072590739
[3, 40, 48]: 0.827909887359199
[3, 40, 52]: 0.8773466833541927
[3, 40, 56]: 0.8382352941176471
[3, 40, 58]: 0.880162703379224
[3, 40, 60]: 0.869837296620776
[3, 40, 62]: 0.8476220275344181
[3, 40, 66]: 0.8382352941176471
[3, 48, 52]: 0.8332290362953693
[3, 48, 58]: 0.8360450563204005
[3, 48, 60]: 0.8291614518147684
[3, 48, 62]: 0.8000625782227785
[3, 48, 66]: 0.8019399249061326
[3, 52, 56]: 0.8448060075093867
[3, 52, 58]: 0.8854818523153942
[3, 52, 60]: 0.8748435544430538
[3, 52, 62]: 0.8494993742177722
[3, 52, 66]: 0.8429286608260326
[3, 56, 58]: 0.8460575719649562
[3, 56, 60]: 0.8354192740926157
[3, 56, 62]: 0.821964956195244
[3, 56, 66]: 0.8035043804755945
[3, 58, 60]: 0.8776595744680851
[3, 58, 62]: 0.8523153942428036
[3, 58, 66]: 0.8457446808510638
[3, 60, 62]: 0.8419899874843555
[3, 60, 66]: 0.8457446808510638
[3, 62, 66]: 0.8107008760951189
[5, 7, 9]: 0.804755944931164
[5, 7, 29]: 0.8936170212765957
[5, 7, 34]: 0.8707759699624531
[5, 7, 36]: 0.8642052565707133
[5, 7, 40]: 0.8879849812265331
[5, 7, 48]: 0.83729662077597
[5, 7, 52]: 0.8911138923654568
[5, 7, 56]: 0.8476220275344181
[5, 7, 58]: 0.8942428035043805
[5, 7, 60]: 0.8804755944931164
[5, 7, 62]: 0.859511889862328
[5, 7, 66]: 0.8520025031289111
[5, 9, 29]: 0.8382352941176471
[5, 9, 34]: 0.8204005006257822
[5, 9, 36]: 0.809136420525657
[5, 9, 40]: 0.8341677096370463
[5, 9, 52]: 0.8369837296620776
[5, 9, 56]: 0.8028785982478097
[5, 9, 58]: 0.8391739674593242
[5, 9, 60]: 0.8272841051314143
[5, 9, 62]: 0.8072590738423029
[5, 25, 29]: 0.8275969962453066
[5, 25, 34]: 0.8041301627033792
[5, 25, 36]: 0.80819774718398
[5, 25, 40]: 0.8222778473091364
[5, 25, 52]: 0.8257196495619524
[5, 25, 58]: 0.8285356695869838
[5, 25, 60]: 0.8200876095118899
[5, 29, 34]: 0.9026908635794744
[5, 29, 36]: 0.8970588235294118
[5, 29, 40]: 0.9208385481852316
[5, 29, 48]: 0.8701501877346683
[5, 29, 52]: 0.9239674593241552
[5, 29, 56]: 0.8748435544430538
[5, 29, 58]: 0.9270963704630788
[5, 29, 60]: 0.9133291614518148
[5, 29, 62]: 0.8923654568210263
[5, 29, 66]: 0.8848560700876095
[5, 34, 36]: 0.8735919899874843
[5, 34, 40]: 0.8979974968710889
[5, 34, 48]: 0.8466833541927409
[5, 34, 52]: 0.9011264080100125
[5, 34, 56]: 0.8560700876095119
[5, 34, 58]: 0.9036295369211514
[5, 34, 60]: 0.8898623279098874
[5, 34, 62]: 0.8692115143929913
[5, 34, 66]: 0.8613892365456821
[5, 36, 40]: 0.8926783479349186
[5, 36, 48]: 0.8642052565707133
[5, 36, 52]: 0.8958072590738423
[5, 36, 56]: 0.8466833541927409
[5, 36, 58]: 0.898936170212766
[5, 36, 60]: 0.8845431789737171
[5, 36, 62]: 0.8642052565707133
[5, 36, 66]: 0.8557571964956195
[5, 40, 48]: 0.8657697121401752
[5, 40, 52]: 0.9195869837296621
[5, 40, 56]: 0.8707759699624531
[5, 40, 58]: 0.9227158948685857
[5, 40, 60]: 0.9086357947434293
[5, 40, 62]: 0.890488110137672
[5, 40, 66]: 0.8798498122653317
[5, 42, 58]: 0.8013141426783479
[5, 48, 52]: 0.8688986232790988
[5, 48, 56]: 0.8197747183979975
[5, 48, 58]: 0.8720275344180225
[5, 48, 60]: 0.863892365456821
[5, 48, 62]: 0.83729662077597
[5, 48, 66]: 0.8397997496871089
[5, 52, 56]: 0.8754693366708386
[5, 52, 58]: 0.9258448060075094
[5, 52, 60]: 0.9114518147684606
[5, 52, 62]: 0.8911138923654568
[5, 52, 66]: 0.882665832290363
[5, 56, 58]: 0.876720901126408
[5, 56, 60]: 0.8623279098873592
[5, 56, 62]: 0.8516896120150188
[5, 56, 66]: 0.8335419274092616
[5, 58, 60]: 0.9145807259073843
[5, 58, 62]: 0.8945556946182729
[5, 58, 66]: 0.8857947434292867
[5, 60, 62]: 0.880162703379224
[5, 60, 66]: 0.886107634543179
[5, 62, 66]: 0.8526282853566959
[7, 9, 29]: 0.8620150187734669
[7, 9, 34]: 0.8272841051314143
[7, 9, 36]: 0.8316645807259074
[7, 9, 40]: 0.8551314142678348
[7, 9, 48]: 0.804755944931164
[7, 9, 52]: 0.859511889862328
[7, 9, 56]: 0.8294743429286608
[7, 9, 58]: 0.8617021276595744
[7, 9, 60]: 0.8504380475594493
[7, 9, 62]: 0.8232165206508135
[7, 9, 66]: 0.8138297872340425
[7, 25, 29]: 0.8563829787234043
[7, 25, 34]: 0.8144555694618273
[7, 25, 36]: 0.8376095118898623
[7, 25, 40]: 0.850125156445557
[7, 25, 48]: 0.8235294117647058
[7, 25, 52]: 0.8551314142678348
[7, 25, 56]: 0.8128911138923655
[7, 25, 58]: 0.8579474342928661
[7, 25, 60]: 0.8494993742177722
[7, 25, 62]: 0.8200876095118899
[7, 25, 66]: 0.8135168961201502
[7, 29, 34]: 0.9161451814768461
[7, 29, 36]: 0.9299123904881101
[7, 29, 40]: 0.9521276595744681
[7, 29, 42]: 0.8132040050062578
[7, 29, 48]: 0.9030037546933667
[7, 29, 52]: 0.9568210262828536
[7, 29, 56]: 0.9111389236545682
[7, 29, 58]: 0.9599499374217773
[7, 29, 60]: 0.9461827284105131
[7, 29, 62]: 0.9177096370463079
[7, 29, 66]: 0.9080100125156445
[7, 34, 36]: 0.8864205256570713
[7, 34, 40]: 0.9095744680851063
[7, 34, 48]: 0.859511889862328
[7, 34, 52]: 0.9139549436795995
[7, 34, 56]: 0.8729662077596996
[7, 34, 58]: 0.9164580725907384
[7, 34, 60]: 0.9026908635794744
[7, 34, 62]: 0.8770337922403004
[7, 34, 66]: 0.8688986232790988
[7, 36, 40]: 0.9239674593241552
[7, 36, 48]: 0.8970588235294118
[7, 36, 52]: 0.9286608260325406
[7, 36, 56]: 0.8829787234042553
[7, 36, 58]: 0.9317897371714643
[7, 36, 60]: 0.9180225281602002
[7, 36, 62]: 0.889549436795995
[7, 36, 66]: 0.8789111389236546
[7, 40, 42]: 0.809136420525657
[7, 40, 48]: 0.8970588235294118
[7, 40, 52]: 0.9508760951188986
[7, 40, 56]: 0.9055068836045056
[7, 40, 58]: 0.9540050062578223
[7, 40, 60]: 0.9405506883604505
[7, 40, 62]: 0.9152065081351689
[7, 40, 66]: 0.9017521902377973
[7, 42, 52]: 0.8125782227784731
[7, 42, 58]: 0.814142678347935
[7, 42, 60]: 0.8069461827284106
[7, 48, 52]: 0.9017521902377973
[7, 48, 56]: 0.8560700876095119
[7, 48, 58]: 0.904881101376721
[7, 48, 60]: 0.8973717146433041
[7, 48, 62]: 0.8626408010012515
[7, 48, 66]: 0.8629536921151439
[7, 52, 56]: 0.9117647058823529
[7, 52, 58]: 0.9586983729662077
[7, 52, 60]: 0.9449311639549437
[7, 52, 62]: 0.9164580725907384
[7, 52, 66]: 0.905819774718398
[7, 56, 58]: 0.9130162703379224
[7, 56, 60]: 0.8992490613266583
[7, 56, 62]: 0.882665832290363
[7, 56, 66]: 0.8601376720901126
[7, 58, 60]: 0.9480600750938674
[7, 58, 62]: 0.9198998748435544
[7, 58, 66]: 0.9089486858573217
[7, 60, 62]: 0.9061326658322904
[7, 60, 66]: 0.909261576971214
[7, 62, 66]: 0.8688986232790988
[9, 29, 34]: 0.8607634543178974
[9, 29, 36]: 0.8663954943679599
[9, 29, 40]: 0.8898623279098874
[9, 29, 48]: 0.8394868585732165
[9, 29, 52]: 0.8942428035043805
[9, 29, 56]: 0.8585732165206508
[9, 29, 58]: 0.896433041301627
[9, 29, 60]: 0.8851689612015019
[9, 29, 62]: 0.8579474342928661
[9, 29, 66]: 0.8482478097622027
[9, 34, 36]: 0.8310387984981227
[9, 34, 40]: 0.8551314142678348
[9, 34, 48]: 0.8041301627033792
[9, 34, 52]: 0.8588861076345432
[9, 34, 56]: 0.8250938673341677
[9, 34, 58]: 0.8610763454317898
[9, 34, 60]: 0.8498122653316645
[9, 34, 62]: 0.8250938673341677
[9, 34, 66]: 0.8166458072590739
[9, 36, 40]: 0.8620150187734669
[9, 36, 48]: 0.8338548185231539
[9, 36, 52]: 0.8663954943679599
[9, 36, 56]: 0.8307259073842302
[9, 36, 58]: 0.8685857321652065
[9, 36, 60]: 0.8566958698372966
[9, 36, 62]: 0.8301001251564456
[9, 36, 66]: 0.8191489361702128
[9, 40, 48]: 0.8351063829787234
[9, 40, 52]: 0.8898623279098874
[9, 40, 56]: 0.8541927409261577
[9, 40, 58]: 0.8920525657071339
[9, 40, 60]: 0.880162703379224
[9, 40, 62]: 0.8566958698372966
[9, 40, 66]: 0.8429286608260326
[9, 48, 52]: 0.8394868585732165
[9, 48, 56]: 0.8038172715894869
[9, 48, 58]: 0.8416770963704631
[9, 48, 60]: 0.8360450563204005
[9, 48, 62]: 0.8031914893617021
[9, 48, 66]: 0.8031914893617021
[9, 52, 56]: 0.859511889862328
[9, 52, 58]: 0.896433041301627
[9, 52, 60]: 0.8845431789737171
[9, 52, 62]: 0.8579474342928661
[9, 52, 66]: 0.8469962453066333
[9, 56, 58]: 0.8607634543178974
[9, 56, 60]: 0.8488735919899875
[9, 56, 62]: 0.831351689612015
[9, 56, 66]: 0.8113266583229036
[9, 58, 60]: 0.8867334167709637
[9, 58, 62]: 0.860450563204005
[9, 58, 66]: 0.8491864831038799
[9, 60, 62]: 0.8482478097622027
[9, 60, 66]: 0.8494993742177722
[9, 62, 66]: 0.8125782227784731
[25, 29, 34]: 0.8473091364205256
[25, 29, 36]: 0.8704630788485607
[25, 29, 40]: 0.8829787234042553
[25, 29, 48]: 0.8563829787234043
[25, 29, 52]: 0.8879849812265331
[25, 29, 56]: 0.8401126408010012
[25, 29, 58]: 0.8908010012515645
[25, 29, 60]: 0.8823529411764706
[25, 29, 62]: 0.8529411764705882
[25, 29, 66]: 0.8469962453066333
[25, 34, 36]: 0.827909887359199
[25, 34, 40]: 0.8413642052565707
[25, 34, 48]: 0.8138297872340425
[25, 34, 52]: 0.8460575719649562
[25, 34, 56]: 0.8035043804755945
[25, 34, 58]: 0.8482478097622027
[25, 34, 60]: 0.8397997496871089
[25, 34, 62]: 0.8128911138923655
[25, 34, 66]: 0.8088235294117647
[25, 36, 40]: 0.8660826032540676
[25, 36, 48]: 0.8541927409261577
[25, 36, 52]: 0.8710888610763454
[25, 36, 56]: 0.8232165206508135
[25, 36, 58]: 0.8739048811013768
[25, 36, 60]: 0.8654568210262829
[25, 36, 62]: 0.8360450563204005
[25, 36, 66]: 0.8288485607008761
[25, 40, 48]: 0.8520025031289111
[25, 40, 52]: 0.8836045056320401
[25, 40, 56]: 0.8360450563204005
[25, 40, 58]: 0.8864205256570713
[25, 40, 60]: 0.8782853566958698
[25, 40, 62]: 0.8520025031289111
[25, 40, 66]: 0.8419899874843555
[25, 48, 52]: 0.8570087609511889
[25, 48, 56]: 0.809136420525657
[25, 48, 58]: 0.8598247809762203
[25, 48, 60]: 0.85450563204005
[25, 48, 62]: 0.821964956195244
[25, 48, 66]: 0.8200876095118899
[25, 52, 56]: 0.8426157697121401
[25, 52, 58]: 0.8914267834793492
[25, 52, 60]: 0.8829787234042553
[25, 52, 62]: 0.853566958698373
[25, 52, 66]: 0.8463704630788486
[25, 56, 58]: 0.8435544430538173
[25, 56, 60]: 0.8351063829787234
[25, 56, 62]: 0.8163329161451814
[25, 58, 60]: 0.8857947434292867
[25, 58, 62]: 0.8566958698372966
[25, 58, 66]: 0.8491864831038799
[25, 60, 62]: 0.8482478097622027
[25, 60, 66]: 0.8494993742177722
[25, 62, 66]: 0.8135168961201502
[29, 34, 36]: 0.9195869837296621
[29, 34, 40]: 0.9427409261576971
[29, 34, 42]: 0.8128911138923655
[29, 34, 48]: 0.8926783479349186
[29, 34, 52]: 0.9471214017521903
[29, 34, 56]: 0.9011264080100125
[29, 34, 58]: 0.9496245306633292
[29, 34, 60]: 0.935857321652065
[29, 34, 62]: 0.9102002503128911
[29, 34, 66]: 0.9017521902377973
[29, 36, 40]: 0.9568210262828536
[29, 36, 42]: 0.8178973717146433
[29, 36, 48]: 0.9299123904881101
[29, 36, 52]: 0.9615143929912391
[29, 36, 56]: 0.9102002503128911
[29, 36, 58]: 0.9646433041301627
[29, 36, 60]: 0.9508760951188986
[29, 36, 62]: 0.9224030037546934
[29, 36, 66]: 0.9123904881101377
[29, 40, 42]: 0.8401126408010012
[29, 40, 44]: 0.8044430538172715
[29, 40, 48]: 0.9299123904881101
[29, 40, 52]: 0.983729662077597
[29, 40, 56]: 0.9327284105131415
[29, 40, 58]: 0.9868585732165206
[29, 40, 60]: 0.973404255319149
[29, 40, 62]: 0.9480600750938674
[29, 40, 64]: 0.8182102628285357
[29, 40, 66]: 0.9352315394242804
[29, 42, 52]: 0.8435544430538173
[29, 42, 56]: 0.8003754693366708
[29, 42, 58]: 0.845118898623279
[29, 42, 60]: 0.8379224030037546
[29, 42, 62]: 0.809136420525657
[29, 42, 66]: 0.8147684605757196
[29, 44, 52]: 0.809136420525657
[29, 44, 58]: 0.8122653316645807
[29, 48, 52]: 0.9346057571964956
[29, 48, 56]: 0.8832916145181476
[29, 48, 58]: 0.9377346683354193
[29, 48, 60]: 0.9302252816020025
[29, 48, 62]: 0.89549436795995
[29, 48, 66]: 0.896433041301627
[29, 52, 56]: 0.9389862327909887
[29, 52, 58]: 0.9915519399249061
[29, 52, 60]: 0.977784730913642
[29, 52, 62]: 0.9493116395494368
[29, 52, 64]: 0.8182102628285357
[29, 52, 66]: 0.9392991239048811
[29, 56, 58]: 0.9402377972465582
[29, 56, 60]: 0.9264705882352942
[29, 56, 62]: 0.9098873591989988
[29, 56, 66]: 0.8879849812265331
[29, 58, 60]: 0.9809136420525657
[29, 58, 62]: 0.9527534418022529
[29, 58, 64]: 0.8182102628285357
[29, 58, 66]: 0.9424280350438048
[29, 60, 62]: 0.9389862327909887
[29, 60, 64]: 0.8044430538172715
[29, 60, 66]: 0.9427409261576971
[29, 62, 66]: 0.9023779724655819
[34, 36, 40]: 0.9136420525657072
[34, 36, 48]: 0.8857947434292867
[34, 36, 52]: 0.9180225281602002
[34, 36, 56]: 0.8720275344180225
[34, 36, 58]: 0.9205256570713392
[34, 36, 60]: 0.9067584480600751
[34, 36, 62]: 0.8811013767209012
[34, 36, 66]: 0.8726533166458073
[34, 40, 42]: 0.8097622027534418
[34, 40, 48]: 0.8867334167709637
[34, 40, 52]: 0.9411764705882353
[34, 40, 56]: 0.8951814768460575
[34, 40, 58]: 0.9436795994993742
[34, 40, 60]: 0.9302252816020025
[34, 40, 62]: 0.9076971214017522
[34, 40, 66]: 0.896433041301627
[34, 42, 52]: 0.8125782227784731
[34, 42, 58]: 0.8138297872340425
[34, 42, 60]: 0.8066332916145181
[34, 48, 52]: 0.8911138923654568
[34, 48, 56]: 0.845118898623279
[34, 48, 58]: 0.8936170212765957
[34, 48, 60]: 0.886107634543179
[34, 48, 62]: 0.8541927409261577
[34, 48, 66]: 0.8566958698372966
[34, 52, 56]: 0.9008135168961201
[34, 52, 58]: 0.9480600750938674
[34, 52, 60]: 0.9342928660826032
[34, 52, 62]: 0.9086357947434293
[34, 52, 66]: 0.9001877346683355
[34, 56, 58]: 0.9020650813516896
[34, 56, 60]: 0.8882978723404256
[34, 56, 62]: 0.873279098873592
[34, 56, 66]: 0.8541927409261577
[34, 58, 60]: 0.9367959949937422
[34, 58, 62]: 0.9114518147684606
[34, 58, 66]: 0.9026908635794744
[34, 60, 62]: 0.8976846057571964
[34, 60, 66]: 0.9030037546933667
[34, 62, 66]: 0.8654568210262829
[36, 40, 42]: 0.8163329161451814
[36, 40, 48]: 0.9264705882352942
[36, 40, 52]: 0.958072590738423
[36, 40, 56]: 0.9070713391739674
[36, 40, 58]: 0.9612015018773467
[36, 40, 60]: 0.9471214017521903
[36, 40, 62]: 0.9224030037546934
[36, 40, 66]: 0.9073842302878599
[36, 42, 52]: 0.8197747183979975
[36, 42, 58]: 0.8213391739674594
[36, 42, 60]: 0.8135168961201502
[36, 48, 52]: 0.9311639549436797
[36, 48, 56]: 0.8798498122653317
[36, 48, 58]: 0.9342928660826032
[36, 48, 60]: 0.9261576971214017
[36, 48, 62]: 0.8920525657071339
[36, 48, 66]: 0.8908010012515645
[36, 52, 56]: 0.9133291614518148
[36, 52, 58]: 0.9658948685857321
[36, 52, 60]: 0.9515018773466833
[36, 52, 62]: 0.9236545682102628
[36, 52, 66]: 0.9114518147684606
[36, 56, 58]: 0.9145807259073843
[36, 56, 60]: 0.9001877346683355
[36, 56, 62]: 0.8842302878598248
[36, 56, 66]: 0.8601376720901126
[36, 58, 60]: 0.954630788485607
[36, 58, 62]: 0.9270963704630788
[36, 58, 66]: 0.9145807259073843
[36, 60, 62]: 0.91270337922403
[36, 60, 66]: 0.9148936170212766
[36, 62, 66]: 0.8745306633291614
[40, 42, 52]: 0.8419899874843555
[40, 42, 58]: 0.8435544430538173
[40, 42, 60]: 0.8357321652065082
[40, 42, 62]: 0.8097622027534418
[40, 42, 66]: 0.8122653316645807
[40, 44, 52]: 0.8056946182728411
[40, 44, 58]: 0.8088235294117647
[40, 48, 52]: 0.9311639549436797
[40, 48, 56]: 0.880162703379224
[40, 48, 58]: 0.9342928660826032
[40, 48, 60]: 0.9264705882352942
[40, 48, 62]: 0.89549436795995
[40, 48, 66]: 0.8914267834793492
[40, 52, 56]: 0.935857321652065
[40, 52, 58]: 0.9881101376720901
[40, 52, 60]: 0.9740300375469336
[40, 52, 62]: 0.9493116395494368
[40, 52, 64]: 0.8225907384230288
[40, 52, 66]: 0.9342928660826032
[40, 56, 58]: 0.9371088861076345
[40, 56, 60]: 0.9230287859824781
[40, 56, 62]: 0.9102002503128911
[40, 56, 66]: 0.8832916145181476
[40, 58, 60]: 0.9771589486858573
[40, 58, 62]: 0.9527534418022529
[40, 58, 64]: 0.8225907384230288
[40, 58, 66]: 0.9374217772215269
[40, 60, 62]: 0.938360450563204
[40, 60, 64]: 0.8085106382978723
[40, 60, 66]: 0.9377346683354193
[40, 62, 66]: 0.9001877346683355
[42, 48, 52]: 0.8003754693366708
[42, 48, 58]: 0.8019399249061326
[42, 52, 56]: 0.8025657071339174
[42, 52, 58]: 0.8469962453066333
[42, 52, 60]: 0.8391739674593242
[42, 52, 62]: 0.8110137672090113
[42, 52, 66]: 0.8153942428035044
[42, 56, 58]: 0.8038172715894869
[42, 58, 60]: 0.840738423028786
[42, 58, 62]: 0.8128911138923655
[42, 58, 66]: 0.8169586983729662
[42, 60, 62]: 0.804755944931164
[42, 60, 66]: 0.8172715894868585
[44, 52, 58]: 0.8135168961201502
[44, 58, 60]: 0.8022528160200251
[48, 52, 56]: 0.8864205256570713
[48, 52, 58]: 0.9389862327909887
[48, 52, 60]: 0.9308510638297872
[48, 52, 62]: 0.8967459324155194
[48, 52, 66]: 0.89549436795995
[48, 56, 58]: 0.8876720901126408
[48, 56, 60]: 0.8795369211514393
[48, 56, 62]: 0.8573216520650814
[48, 56, 66]: 0.844180225281602
[48, 58, 60]: 0.9339799749687109
[48, 58, 62]: 0.9001877346683355
[48, 58, 66]: 0.8986232790988736
[48, 60, 62]: 0.8920525657071339
[48, 60, 66]: 0.898936170212766
[48, 62, 66]: 0.8585732165206508
[52, 56, 58]: 0.9433667083854819
[52, 56, 60]: 0.9289737171464331
[52, 56, 62]: 0.9130162703379224
[52, 56, 66]: 0.8889236545682102
[52, 58, 60]: 0.9815394242803505
[52, 58, 62]: 0.9540050062578223
[52, 58, 64]: 0.8225907384230288
[52, 58, 66]: 0.9414893617021277
[52, 60, 62]: 0.9396120150187734
[52, 60, 64]: 0.80819774718398
[52, 60, 66]: 0.94180225281602
[52, 62, 66]: 0.9014392991239049
[56, 58, 60]: 0.9302252816020025
[56, 58, 62]: 0.9145807259073843
[56, 58, 66]: 0.8901752190237797
[56, 60, 62]: 0.9001877346683355
[56, 60, 66]: 0.890488110137672
[56, 62, 66]: 0.8620150187734669
[58, 60, 62]: 0.9430538172715894
[58, 60, 64]: 0.80819774718398
[58, 60, 66]: 0.9449311639549437
[58, 62, 66]: 0.904881101376721
[60, 62, 66]: 0.904881101376721
