[3, 5, 7, 29, 52]: 0.8006883604505632
[3, 5, 7, 29, 58]: 0.8035043804755945
[3, 5, 7, 52, 58]: 0.8006883604505632
[3, 5, 29, 34, 52]: 0.8025657071339174
[3, 5, 29, 34, 58]: 0.804755944931164
[3, 5, 29, 40, 52]: 0.8163329161451814
[3, 5, 29, 40, 58]: 0.8191489361702128
[3, 5, 29, 40, 60]: 0.8088235294117647
[3, 5, 29, 52, 58]: 0.8229036295369212
[3, 5, 29, 52, 60]: 0.8122653316645807
[3, 5, 29, 58, 60]: 0.815081351689612
[3, 5, 34, 52, 58]: 0.8025657071339174
[3, 5, 40, 52, 58]: 0.8163329161451814
[3, 5, 40, 52, 60]: 0.8060075093867334
[3, 5, 40, 58, 60]: 0.8088235294117647
[3, 5, 52, 58, 60]: 0.8122653316645807
[3, 7, 29, 34, 40]: 0.8163329161451814
[3, 7, 29, 34, 52]: 0.8213391739674594
[3, 7, 29, 34, 58]: 0.8235294117647058
[3, 7, 29, 34, 60]: 0.8128911138923655
[3, 7, 29, 36, 40]: 0.827909887359199
[3, 7, 29, 36, 48]: 0.804755944931164
[3, 7, 29, 36, 52]: 0.8332290362953693
[3, 7, 29, 36, 58]: 0.8360450563204005
[3, 7, 29, 36, 60]: 0.8254067584480601
[3, 7, 29, 36, 62]: 0.8000625782227785
[3, 7, 29, 40, 48]: 0.804755944931164
[3, 7, 29, 40, 52]: 0.8541927409261577
[3, 7, 29, 40, 56]: 0.815081351689612
[3, 7, 29, 40, 58]: 0.8570087609511889
[3, 7, 29, 40, 60]: 0.8466833541927409
[3, 7, 29, 40, 62]: 0.824468085106383
[3, 7, 29, 40, 66]: 0.8153942428035044
[3, 7, 29, 48, 52]: 0.8100750938673341
[3, 7, 29, 48, 58]: 0.8128911138923655
[3, 7, 29, 48, 60]: 0.8060075093867334
[3, 7, 29, 52, 56]: 0.8216520650813517
[3, 7, 29, 52, 58]: 0.8623279098873592
[3, 7, 29, 52, 60]: 0.8516896120150188
[3, 7, 29, 52, 62]: 0.8263454317897372
[3, 7, 29, 52, 66]: 0.8200876095118899
[3, 7, 29, 56, 58]: 0.8229036295369212
[3, 7, 29, 56, 60]: 0.8122653316645807
[3, 7, 29, 58, 60]: 0.85450563204005
[3, 7, 29, 58, 62]: 0.8291614518147684
[3, 7, 29, 58, 66]: 0.8229036295369212
[3, 7, 29, 60, 62]: 0.8188360450563203
[3, 7, 29, 60, 66]: 0.8229036295369212
[3, 7, 34, 40, 52]: 0.814142678347935
[3, 7, 34, 40, 58]: 0.8163329161451814
[3, 7, 34, 40, 60]: 0.8060075093867334
[3, 7, 34, 52, 58]: 0.8213391739674594
[3, 7, 34, 52, 60]: 0.8107008760951189
[3, 7, 34, 58, 60]: 0.8128911138923655
[3, 7, 36, 40, 52]: 0.8250938673341677
[3, 7, 36, 40, 58]: 0.827909887359199
[3, 7, 36, 40, 60]: 0.817584480600751
[3, 7, 36, 48, 52]: 0.8019399249061326
[3, 7, 36, 48, 58]: 0.804755944931164
[3, 7, 36, 52, 58]: 0.8332290362953693
[3, 7, 36, 52, 60]: 0.8225907384230288
[3, 7, 36, 58, 60]: 0.8254067584480601
[3, 7, 36, 58, 62]: 0.8000625782227785
[3, 7, 40, 48, 52]: 0.8019399249061326
[3, 7, 40, 48, 58]: 0.804755944931164
[3, 7, 40, 52, 56]: 0.8138297872340425
[3, 7, 40, 52, 58]: 0.8541927409261577
[3, 7, 40, 52, 60]: 0.8438673341677096
[3, 7, 40, 52, 62]: 0.8216520650813517
[3, 7, 40, 52, 66]: 0.8125782227784731
[3, 7, 40, 56, 58]: 0.815081351689612
[3, 7, 40, 56, 60]: 0.804755944931164
[3, 7, 40, 58, 60]: 0.8466833541927409
[3, 7, 40, 58, 62]: 0.824468085106383
[3, 7, 40, 58, 66]: 0.8153942428035044
[3, 7, 40, 60, 62]: 0.814142678347935
[3, 7, 40, 60, 66]: 0.8153942428035044
[3, 7, 48, 52, 58]: 0.8100750938673341
[3, 7, 48, 52, 60]: 0.8031914893617021
[3, 7, 48, 58, 60]: 0.8060075093867334
[3, 7, 52, 56, 58]: 0.8216520650813517
[3, 7, 52, 56, 60]: 0.8110137672090113
[3, 7, 52, 58, 60]: 0.8516896120150188
[3, 7, 52, 58, 62]: 0.8263454317897372
[3, 7, 52, 58, 66]: 0.8200876095118899
[3, 7, 52, 60, 62]: 0.8160200250312891
[3, 7, 52, 60, 66]: 0.8200876095118899
[3, 7, 56, 58, 60]: 0.8122653316645807
[3, 7, 58, 60, 62]: 0.8188360450563203
[3, 7, 58, 60, 66]: 0.8229036295369212
[3, 9, 29, 52, 58]: 0.8025657071339174
[3, 29, 34, 36, 40]: 0.8103879849812266
[3, 29, 34, 36, 52]: 0.8153942428035044
[3, 29, 34, 36, 58]: 0.817584480600751
[3, 29, 34, 36, 60]: 0.8069461827284106
[3, 29, 34, 40, 52]: 0.83729662077597
[3, 29, 34, 40, 56]: 0.8025657071339174
[3, 29, 34, 40, 58]: 0.8394868585732165
[3, 29, 34, 40, 60]: 0.8291614518147684
[3, 29, 34, 40, 62]: 0.8097622027534418
[3, 29, 34, 40, 66]: 0.8019399249061326
[3, 29, 34, 52, 56]: 0.8085106382978723
[3, 29, 34, 52, 58]: 0.8444931163954944
[3, 29, 34, 52, 60]: 0.8338548185231539
[3, 29, 34, 52, 62]: 0.8113266583229036
[3, 29, 34, 52, 66]: 0.8063204005006258
[3, 29, 34, 56, 58]: 0.8097622027534418
[3, 29, 34, 58, 60]: 0.8360450563204005
[3, 29, 34, 58, 62]: 0.8135168961201502
[3, 29, 34, 58, 66]: 0.8085106382978723
[3, 29, 34, 60, 62]: 0.8031914893617021
[3, 29, 34, 60, 66]: 0.8085106382978723
[3, 29, 36, 40, 48]: 0.8197747183979975
[3, 29, 36, 40, 52]: 0.8482478097622027
[3, 29, 36, 40, 56]: 0.809136420525657
[3, 29, 36, 40, 58]: 0.851063829787234
[3, 29, 36, 40, 60]: 0.840738423028786
[3, 29, 36, 40, 62]: 0.818523153942428
[3, 29, 36, 40, 66]: 0.809136420525657
[3, 29, 36, 48, 52]: 0.8250938673341677
[3, 29, 36, 48, 58]: 0.827909887359199
[3, 29, 36, 48, 60]: 0.8210262828535669
[3, 29, 36, 52, 56]: 0.8157071339173968
[3, 29, 36, 52, 58]: 0.8563829787234043
[3, 29, 36, 52, 60]: 0.8457446808510638
[3, 29, 36, 52, 62]: 0.8204005006257822
[3, 29, 36, 52, 66]: 0.8138297872340425
[3, 29, 36, 56, 58]: 0.8169586983729662
[3, 29, 36, 56, 60]: 0.8063204005006258
[3, 29, 36, 58, 60]: 0.8485607008760951
[3, 29, 36, 58, 62]: 0.8232165206508135
[3, 29, 36, 58, 66]: 0.8166458072590739
[3, 29, 36, 60, 62]: 0.8128911138923655
[3, 29, 36, 60, 66]: 0.8166458072590739
[3, 29, 40, 48, 52]: 0.8250938673341677
[3, 29, 40, 48, 58]: 0.827909887359199
[3, 29, 40, 48, 60]: 0.8213391739674594
[3, 29, 40, 52, 56]: 0.8369837296620776
[3, 29, 40, 52, 58]: 0.8773466833541927
[3, 29, 40, 52, 60]: 0.8670212765957447
[3, 29, 40, 52, 62]: 0.8448060075093867
[3, 29, 40, 52, 66]: 0.8354192740926157
[3, 29, 40, 56, 58]: 0.8382352941176471
[3, 29, 40, 56, 60]: 0.827909887359199
[3, 29, 40, 56, 62]: 0.817584480600751
[3, 29, 40, 58, 60]: 0.869837296620776
[3, 29, 40, 58, 62]: 0.8476220275344181
[3, 29, 40, 58, 66]: 0.8382352941176471
[3, 29, 40, 60, 62]: 0.83729662077597
[3, 29, 40, 60, 66]: 0.8382352941176471
[3, 29, 40, 62, 66]: 0.8060075093867334
[3, 29, 48, 52, 58]: 0.8332290362953693
[3, 29, 48, 52, 60]: 0.8263454317897372
[3, 29, 48, 58, 60]: 0.8291614518147684
[3, 29, 48, 58, 62]: 0.8000625782227785
[3, 29, 48, 58, 66]: 0.8019399249061326
[3, 29, 48, 60, 66]: 0.8019399249061326
[3, 29, 52, 56, 58]: 0.8448060075093867
[3, 29, 52, 56, 60]: 0.8341677096370463
[3, 29, 52, 56, 62]: 0.8207133917396746
[3, 29, 52, 56, 66]: 0.8022528160200251
[3, 29, 52, 58, 60]: 0.8748435544430538
[3, 29, 52, 58, 62]: 0.8494993742177722
[3, 29, 52, 58, 66]: 0.8429286608260326
[3, 29, 52, 60, 62]: 0.8391739674593242
[3, 29, 52, 60, 66]: 0.8429286608260326
[3, 29, 52, 62, 66]: 0.8078848560700876
[3, 29, 56, 58, 60]: 0.8354192740926157
[3, 29, 56, 58, 62]: 0.821964956195244
[3, 29, 56, 58, 66]: 0.8035043804755945
[3, 29, 56, 60, 62]: 0.811639549436796
[3, 29, 56, 60, 66]: 0.8035043804755945
[3, 29, 58, 60, 62]: 0.8419899874843555
[3, 29, 58, 60, 66]: 0.8457446808510638
[3, 29, 58, 62, 66]: 0.8107008760951189
[3, 29, 60, 62, 66]: 0.8107008760951189
[3, 34, 36, 40, 52]: 0.80819774718398
[3, 34, 36, 40, 58]: 0.8103879849812266
[3, 34, 36, 40, 60]: 0.8000625782227785
[3, 34, 36, 52, 58]: 0.8153942428035044
[3, 34, 36, 52, 60]: 0.804755944931164
[3, 34, 36, 58, 60]: 0.8069461827284106
[3, 34, 40, 52, 56]: 0.8013141426783479
[3, 34, 40, 52, 58]: 0.83729662077597
[3, 34, 40, 52, 60]: 0.8269712140175219
[3, 34, 40, 52, 62]: 0.8075719649561952
[3, 34, 40, 56, 58]: 0.8025657071339174
[3, 34, 40, 58, 60]: 0.8291614518147684
[3, 34, 40, 58, 62]: 0.8097622027534418
[3, 34, 40, 58, 66]: 0.8019399249061326
[3, 34, 40, 60, 66]: 0.8019399249061326
[3, 34, 52, 56, 58]: 0.8085106382978723
[3, 34, 52, 58, 60]: 0.8338548185231539
[3, 34, 52, 58, 62]: 0.8113266583229036
[3, 34, 52, 58, 66]: 0.8063204005006258
[3, 34, 52, 60, 62]: 0.8010012515644556
[3, 34, 52, 60, 66]: 0.8063204005006258
[3, 34, 58, 60, 62]: 0.8031914893617021
[3, 34, 58, 60, 66]: 0.8085106382978723
[3, 36, 40, 48, 52]: 0.8169586983729662
[3, 36, 40, 48, 58]: 0.8197747183979975
[3, 36, 40, 48, 60]: 0.8132040050062578
[3, 36, 40, 52, 56]: 0.8078848560700876
[3, 36, 40, 52, 58]: 0.8482478097622027
[3, 36, 40, 52, 60]: 0.8379224030037546
[3, 36, 40, 52, 62]: 0.8157071339173968
[3, 36, 40, 52, 66]: 0.8063204005006258
[3, 36, 40, 56, 58]: 0.809136420525657
[3, 36, 40, 58, 60]: 0.840738423028786
[3, 36, 40, 58, 62]: 0.818523153942428
[3, 36, 40, 58, 66]: 0.809136420525657
[3, 36, 40, 60, 62]: 0.80819774718398
[3, 36, 40, 60, 66]: 0.809136420525657
[3, 36, 48, 52, 58]: 0.8250938673341677
[3, 36, 48, 52, 60]: 0.8182102628285357
[3, 36, 48, 58, 60]: 0.8210262828535669
[3, 36, 52, 56, 58]: 0.8157071339173968
[3, 36, 52, 56, 60]: 0.8050688360450563
[3, 36, 52, 58, 60]: 0.8457446808510638
[3, 36, 52, 58, 62]: 0.8204005006257822
[3, 36, 52, 58, 66]: 0.8138297872340425
[3, 36, 52, 60, 62]: 0.8100750938673341
[3, 36, 52, 60, 66]: 0.8138297872340425
[3, 36, 56, 58, 60]: 0.8063204005006258
[3, 36, 58, 60, 62]: 0.8128911138923655
[3, 36, 58, 60, 66]: 0.8166458072590739
[3, 40, 48, 52, 58]: 0.8250938673341677
[3, 40, 48, 52, 60]: 0.818523153942428
[3, 40, 48, 58, 60]: 0.8213391739674594
[3, 40, 52, 56, 58]: 0.8369837296620776
[3, 40, 52, 56, 60]: 0.8266583229036295
[3, 40, 52, 56, 62]: 0.8163329161451814
[3, 40, 52, 58, 60]: 0.8670212765957447
[3, 40, 52, 58, 62]: 0.8448060075093867
[3, 40, 52, 58, 66]: 0.8354192740926157
[3, 40, 52, 60, 62]: 0.8344806007509387
[3, 40, 52, 60, 66]: 0.8354192740926157
[3, 40, 52, 62, 66]: 0.8031914893617021
[3, 40, 56, 58, 60]: 0.827909887359199
[3, 40, 56, 58, 62]: 0.817584480600751
[3, 40, 56, 60, 62]: 0.8072590738423029
[3, 40, 58, 60, 62]: 0.83729662077597
[3, 40, 58, 60, 66]: 0.8382352941176471
[3, 40, 58, 62, 66]: 0.8060075093867334
[3, 40, 60, 62, 66]: 0.8060075093867334
[3, 48, 52, 58, 60]: 0.8263454317897372
[3, 48, 58, 60, 66]: 0.8019399249061326
[3, 52, 56, 58, 60]: 0.8341677096370463
[3, 52, 56, 58, 62]: 0.8207133917396746
[3, 52, 56, 58, 66]: 0.8022528160200251
[3, 52, 56, 60, 62]: 0.8103879849812266
[3, 52, 56, 60, 66]: 0.8022528160200251
[3, 52, 58, 60, 62]: 0.8391739674593242
[3, 52, 58, 60, 66]: 0.8429286608260326
[3, 52, 58, 62, 66]: 0.8078848560700876
[3, 52, 60, 62, 66]: 0.8078848560700876
[3, 56, 58, 60, 62]: 0.811639549436796
[3, 56, 58, 60, 66]: 0.8035043804755945
[3, 58, 60, 62, 66]: 0.8107008760951189
[5, 7, 9, 29, 52]: 0.8022528160200251
[5, 7, 9, 29, 58]: 0.8044430538172715
[5, 7, 9, 52, 58]: 0.8019399249061326
[5, 7, 29, 34, 36]: 0.8397997496871089
[5, 7, 29, 34, 40]: 0.8642052565707133
[5, 7, 29, 34, 48]: 0.8128911138923655
[5, 7, 29, 34, 52]: 0.867334167709637
[5, 7, 29, 34, 56]: 0.8272841051314143
[5, 7, 29, 34, 58]: 0.869837296620776
[5, 7, 29, 34, 60]: 0.8560700876095119
[5, 7, 29, 34, 62]: 0.8354192740926157
[5, 7, 29, 34, 66]: 0.827909887359199
[5, 7, 29, 36, 40]: 0.8566958698372966
[5, 7, 29, 36, 48]: 0.8282227784730913
[5, 7, 29, 36, 52]: 0.8598247809762203
[5, 7, 29, 36, 56]: 0.8163329161451814
[5, 7, 29, 36, 58]: 0.8629536921151439
[5, 7, 29, 36, 60]: 0.8491864831038799
[5, 7, 29, 36, 62]: 0.8282227784730913
[5, 7, 29, 36, 66]: 0.8210262828535669
[5, 7, 29, 40, 48]: 0.8297872340425532
[5, 7, 29, 40, 52]: 0.8836045056320401
[5, 7, 29, 40, 56]: 0.8404255319148937
[5, 7, 29, 40, 58]: 0.8867334167709637
[5, 7, 29, 40, 60]: 0.873279098873592
[5, 7, 29, 40, 62]: 0.85450563204005
[5, 7, 29, 40, 66]: 0.845118898623279
[5, 7, 29, 48, 52]: 0.8329161451814768
[5, 7, 29, 48, 58]: 0.8360450563204005
[5, 7, 29, 48, 60]: 0.8285356695869838
[5, 7, 29, 48, 62]: 0.8013141426783479
[5, 7, 29, 48, 66]: 0.8050688360450563
[5, 7, 29, 52, 56]: 0.845118898623279
[5, 7, 29, 52, 58]: 0.8898623279098874
[5, 7, 29, 52, 60]: 0.8760951188986232
[5, 7, 29, 52, 62]: 0.8551314142678348
[5, 7, 29, 52, 66]: 0.8479349186483104
[5, 7, 29, 56, 58]: 0.8463704630788486
[5, 7, 29, 56, 60]: 0.8326032540675845
[5, 7, 29, 56, 62]: 0.8213391739674594
[5, 7, 29, 56, 66]: 0.8044430538172715
[5, 7, 29, 58, 60]: 0.8792240300375469
[5, 7, 29, 58, 62]: 0.8585732165206508
[5, 7, 29, 58, 66]: 0.851063829787234
[5, 7, 29, 60, 62]: 0.8448060075093867
[5, 7, 29, 60, 66]: 0.8513767209011264
[5, 7, 29, 62, 66]: 0.8178973717146433
[5, 7, 34, 36, 40]: 0.8344806007509387
[5, 7, 34, 36, 48]: 0.8053817271589487
[5, 7, 34, 36, 52]: 0.8376095118898623
[5, 7, 34, 36, 58]: 0.8401126408010012
[5, 7, 34, 36, 60]: 0.8263454317897372
[5, 7, 34, 36, 62]: 0.8056946182728411
[5, 7, 34, 40, 48]: 0.8075719649561952
[5, 7, 34, 40, 52]: 0.8620150187734669
[5, 7, 34, 40, 56]: 0.821964956195244
[5, 7, 34, 40, 58]: 0.8645181476846058
[5, 7, 34, 40, 60]: 0.851063829787234
[5, 7, 34, 40, 62]: 0.8326032540675845
[5, 7, 34, 40, 66]: 0.8229036295369212
[5, 7, 34, 48, 52]: 0.8107008760951189
[5, 7, 34, 48, 58]: 0.8132040050062578
[5, 7, 34, 48, 60]: 0.8056946182728411
[5, 7, 34, 52, 56]: 0.8263454317897372
[5, 7, 34, 52, 58]: 0.8676470588235294
[5, 7, 34, 52, 60]: 0.8538798498122653
[5, 7, 34, 52, 62]: 0.8332290362953693
[5, 7, 34, 52, 66]: 0.8257196495619524
[5, 7, 34, 56, 58]: 0.8275969962453066
[5, 7, 34, 56, 60]: 0.8138297872340425
[5, 7, 34, 56, 62]: 0.8028785982478097
[5, 7, 34, 58, 60]: 0.8563829787234043
[5, 7, 34, 58, 62]: 0.8360450563204005
[5, 7, 34, 58, 66]: 0.8282227784730913
[5, 7, 34, 60, 62]: 0.8222778473091364
[5, 7, 34, 60, 66]: 0.8285356695869838
[5, 7, 36, 40, 48]: 0.8225907384230288
[5, 7, 36, 40, 52]: 0.8541927409261577
[5, 7, 36, 40, 56]: 0.8110137672090113
[5, 7, 36, 40, 58]: 0.8573216520650814
[5, 7, 36, 40, 60]: 0.8438673341677096
[5, 7, 36, 40, 62]: 0.8250938673341677
[5, 7, 36, 40, 66]: 0.8153942428035044
[5, 7, 36, 48, 52]: 0.8257196495619524
[5, 7, 36, 48, 58]: 0.8288485607008761
[5, 7, 36, 48, 60]: 0.8213391739674594
[5, 7, 36, 52, 56]: 0.8157071339173968
[5, 7, 36, 52, 58]: 0.860450563204005
[5, 7, 36, 52, 60]: 0.8466833541927409
[5, 7, 36, 52, 62]: 0.8257196495619524
[5, 7, 36, 52, 66]: 0.8182102628285357
[5, 7, 36, 56, 58]: 0.8169586983729662
[5, 7, 36, 56, 60]: 0.8031914893617021
[5, 7, 36, 58, 60]: 0.8498122653316645
[5, 7, 36, 58, 62]: 0.8291614518147684
[5, 7, 36, 58, 66]: 0.8213391739674594
[5, 7, 36, 60, 62]: 0.8153942428035044
[5, 7, 36, 60, 66]: 0.8216520650813517
[5, 7, 40, 48, 52]: 0.8272841051314143
[5, 7, 40, 48, 58]: 0.8304130162703379
[5, 7, 40, 48, 60]: 0.8232165206508135
[5, 7, 40, 52, 56]: 0.8397997496871089
[5, 7, 40, 52, 58]: 0.8842302878598248
[5, 7, 40, 52, 60]: 0.8707759699624531
[5, 7, 40, 52, 62]: 0.8520025031289111
[5, 7, 40, 52, 66]: 0.8423028785982478
[5, 7, 40, 56, 58]: 0.8410513141426783
[5, 7, 40, 56, 60]: 0.8275969962453066
[5, 7, 40, 56, 62]: 0.818523153942428
[5, 7, 40, 58, 60]: 0.8739048811013768
[5, 7, 40, 58, 62]: 0.8554443053817271
[5, 7, 40, 58, 66]: 0.8454317897371715
[5, 7, 40, 60, 62]: 0.8416770963704631
[5, 7, 40, 60, 66]: 0.8457446808510638
[5, 7, 40, 62, 66]: 0.8144555694618273
[5, 7, 48, 52, 58]: 0.8335419274092616
[5, 7, 48, 52, 60]: 0.8260325406758448
[5, 7, 48, 52, 66]: 0.8022528160200251
[5, 7, 48, 58, 60]: 0.8291614518147684
[5, 7, 48, 58, 62]: 0.8022528160200251
[5, 7, 48, 58, 66]: 0.8053817271589487
[5, 7, 48, 60, 66]: 0.8056946182728411
[5, 7, 52, 56, 58]: 0.8457446808510638
[5, 7, 52, 56, 60]: 0.8319774718397998
[5, 7, 52, 56, 62]: 0.8207133917396746
[5, 7, 52, 56, 66]: 0.8035043804755945
[5, 7, 52, 58, 60]: 0.876720901126408
[5, 7, 52, 58, 62]: 0.8560700876095119
[5, 7, 52, 58, 66]: 0.8482478097622027
[5, 7, 52, 60, 62]: 0.8423028785982478
[5, 7, 52, 60, 66]: 0.8485607008760951
[5, 7, 52, 62, 66]: 0.815081351689612
[5, 7, 56, 58, 60]: 0.8332290362953693
[5, 7, 56, 58, 62]: 0.8222778473091364
[5, 7, 56, 58, 66]: 0.804755944931164
[5, 7, 56, 60, 62]: 0.8085106382978723
[5, 7, 56, 60, 66]: 0.8050688360450563
[5, 7, 58, 60, 62]: 0.8457446808510638
[5, 7, 58, 60, 66]: 0.8516896120150188
[5, 7, 58, 62, 66]: 0.818523153942428
[5, 7, 60, 62, 66]: 0.818523153942428
[5, 9, 29, 34, 40]: 0.8147684605757196
[5, 9, 29, 34, 52]: 0.8172715894868585
[5, 9, 29, 34, 58]: 0.8194618272841051
[5, 9, 29, 34, 60]: 0.80819774718398
[5, 9, 29, 36, 40]: 0.8025657071339174
[5, 9, 29, 36, 52]: 0.8053817271589487
[5, 9, 29, 36, 58]: 0.8075719649561952
[5, 9, 29, 40, 52]: 0.8304130162703379
[5, 9, 29, 40, 58]: 0.8326032540675845
[5, 9, 29, 40, 60]: 0.8213391739674594
[5, 9, 29, 40, 62]: 0.8028785982478097
[5, 9, 29, 52, 56]: 0.8000625782227785
[5, 9, 29, 52, 58]: 0.8354192740926157
[5, 9, 29, 52, 60]: 0.8241551939924906
[5, 9, 29, 52, 62]: 0.8035043804755945
[5, 9, 29, 56, 58]: 0.8013141426783479
[5, 9, 29, 58, 60]: 0.8263454317897372
[5, 9, 29, 58, 62]: 0.8060075093867334
[5, 9, 34, 40, 52]: 0.8128911138923655
[5, 9, 34, 40, 58]: 0.815081351689612
[5, 9, 34, 40, 60]: 0.8038172715894869
[5, 9, 34, 52, 58]: 0.817584480600751
[5, 9, 34, 52, 60]: 0.8063204005006258
[5, 9, 34, 58, 60]: 0.8085106382978723
[5, 9, 36, 40, 52]: 0.8013141426783479
[5, 9, 36, 40, 58]: 0.8035043804755945
[5, 9, 36, 52, 58]: 0.8063204005006258
[5, 9, 40, 52, 58]: 0.831351689612015
[5, 9, 40, 52, 60]: 0.8194618272841051
[5, 9, 40, 52, 62]: 0.8016270337922403
[5, 9, 40, 58, 60]: 0.8216520650813517
[5, 9, 40, 58, 62]: 0.8041301627033792
[5, 9, 52, 56, 58]: 0.8010012515644556
[5, 9, 52, 58, 60]: 0.824468085106383
[5, 9, 52, 58, 62]: 0.804755944931164
[5, 25, 29, 34, 52]: 0.8003754693366708
[5, 25, 29, 34, 58]: 0.8025657071339174
[5, 25, 29, 36, 40]: 0.8003754693366708
[5, 25, 29, 36, 52]: 0.8038172715894869
[5, 25, 29, 36, 58]: 0.8066332916145181
[5, 25, 29, 40, 52]: 0.8178973717146433
[5, 25, 29, 40, 58]: 0.8207133917396746
[5, 25, 29, 40, 60]: 0.8125782227784731
[5, 25, 29, 52, 58]: 0.8241551939924906
[5, 25, 29, 52, 60]: 0.8157071339173968
[5, 25, 29, 58, 60]: 0.818523153942428
[5, 25, 34, 52, 58]: 0.8013141426783479
[5, 25, 36, 40, 58]: 0.8013141426783479
[5, 25, 36, 52, 58]: 0.804755944931164
[5, 25, 40, 52, 58]: 0.8188360450563203
[5, 25, 40, 52, 60]: 0.8107008760951189
[5, 25, 40, 58, 60]: 0.8135168961201502
[5, 25, 52, 58, 60]: 0.8166458072590739
[5, 29, 34, 36, 40]: 0.8663954943679599
[5, 29, 34, 36, 48]: 0.83729662077597
[5, 29, 34, 36, 52]: 0.8695244055068836
[5, 29, 34, 36, 56]: 0.824468085106383
[5, 29, 34, 36, 58]: 0.8720275344180225
[5, 29, 34, 36, 60]: 0.8582603254067585
[5, 29, 34, 36, 62]: 0.8376095118898623
[5, 29, 34, 36, 66]: 0.8297872340425532
[5, 29, 34, 40, 48]: 0.8394868585732165
[5, 29, 34, 40, 52]: 0.8939299123904881
[5, 29, 34, 40, 56]: 0.8488735919899875
[5, 29, 34, 40, 58]: 0.896433041301627
[5, 29, 34, 40, 60]: 0.8829787234042553
[5, 29, 34, 40, 62]: 0.8645181476846058
[5, 29, 34, 40, 66]: 0.85450563204005
[5, 29, 34, 48, 52]: 0.8426157697121401
[5, 29, 34, 48, 58]: 0.845118898623279
[5, 29, 34, 48, 60]: 0.8376095118898623
[5, 29, 34, 48, 62]: 0.8107008760951189
[5, 29, 34, 48, 66]: 0.8138297872340425
[5, 29, 34, 52, 56]: 0.8532540675844806
[5, 29, 34, 52, 58]: 0.8995619524405507
[5, 29, 34, 52, 60]: 0.8857947434292867
[5, 29, 34, 52, 62]: 0.8651439299123905
[5, 29, 34, 52, 66]: 0.8573216520650814
[5, 29, 34, 56, 58]: 0.85450563204005
[5, 29, 34, 56, 60]: 0.840738423028786
[5, 29, 34, 56, 62]: 0.8297872340425532
[5, 29, 34, 56, 66]: 0.8122653316645807
[5, 29, 34, 58, 60]: 0.8882978723404256
[5, 29, 34, 58, 62]: 0.8679599499374218
[5, 29, 34, 58, 66]: 0.8598247809762203
[5, 29, 34, 60, 62]: 0.8541927409261577
[5, 29, 34, 60, 66]: 0.8601376720901126
[5, 29, 34, 62, 66]: 0.8269712140175219
[5, 29, 36, 40, 48]: 0.8554443053817271
[5, 29, 36, 40, 52]: 0.8870463078848561
[5, 29, 36, 40, 56]: 0.8382352941176471
[5, 29, 36, 40, 58]: 0.8901752190237797
[5, 29, 36, 40, 60]: 0.876720901126408
[5, 29, 36, 40, 62]: 0.8579474342928661
[5, 29, 36, 40, 66]: 0.8482478097622027
[5, 29, 36, 48, 52]: 0.8585732165206508
[5, 29, 36, 48, 56]: 0.8094493116395495
[5, 29, 36, 48, 58]: 0.8617021276595744
[5, 29, 36, 48, 60]: 0.8541927409261577
[5, 29, 36, 48, 62]: 0.8269712140175219
[5, 29, 36, 48, 66]: 0.8304130162703379
[5, 29, 36, 52, 56]: 0.8429286608260326
[5, 29, 36, 52, 58]: 0.8933041301627034
[5, 29, 36, 52, 60]: 0.8795369211514393
[5, 29, 36, 52, 62]: 0.8585732165206508
[5, 29, 36, 52, 66]: 0.851063829787234
[5, 29, 36, 56, 58]: 0.844180225281602
[5, 29, 36, 56, 60]: 0.8304130162703379
[5, 29, 36, 56, 62]: 0.8191489361702128
[5, 29, 36, 56, 66]: 0.8019399249061326
[5, 29, 36, 58, 60]: 0.882665832290363
[5, 29, 36, 58, 62]: 0.8620150187734669
[5, 29, 36, 58, 66]: 0.8541927409261577
[5, 29, 36, 60, 62]: 0.8482478097622027
[5, 29, 36, 60, 66]: 0.85450563204005
[5, 29, 36, 62, 66]: 0.8210262828535669
[5, 29, 40, 48, 52]: 0.8601376720901126
[5, 29, 40, 48, 56]: 0.8113266583229036
[5, 29, 40, 48, 58]: 0.8632665832290363
[5, 29, 40, 48, 60]: 0.8560700876095119
[5, 29, 40, 48, 62]: 0.8310387984981227
[5, 29, 40, 48, 66]: 0.8322903629536921
[5, 29, 40, 52, 56]: 0.8670212765957447
[5, 29, 40, 52, 58]: 0.9170838548185232
[5, 29, 40, 52, 60]: 0.9036295369211514
[5, 29, 40, 52, 62]: 0.8848560700876095
[5, 29, 40, 52, 66]: 0.8751564455569462
[5, 29, 40, 56, 58]: 0.8682728410513142
[5, 29, 40, 56, 60]: 0.8548185231539425
[5, 29, 40, 56, 62]: 0.8457446808510638
[5, 29, 40, 56, 66]: 0.8263454317897372
[5, 29, 40, 58, 60]: 0.9067584480600751
[5, 29, 40, 58, 62]: 0.8882978723404256
[5, 29, 40, 58, 66]: 0.8782853566958698
[5, 29, 40, 60, 62]: 0.8745306633291614
[5, 29, 40, 60, 66]: 0.8785982478097623
[5, 29, 40, 62, 66]: 0.8473091364205256
[5, 29, 48, 52, 56]: 0.8160200250312891
[5, 29, 48, 52, 58]: 0.8663954943679599
[5, 29, 48, 52, 60]: 0.8588861076345432
[5, 29, 48, 52, 62]: 0.8316645807259074
[5, 29, 48, 52, 66]: 0.8351063829787234
[5, 29, 48, 56, 58]: 0.8172715894868585
[5, 29, 48, 56, 60]: 0.8097622027534418
[5, 29, 48, 58, 60]: 0.8620150187734669
[5, 29, 48, 58, 62]: 0.8351063829787234
[5, 29, 48, 58, 66]: 0.8382352941176471
[5, 29, 48, 60, 62]: 0.8275969962453066
[5, 29, 48, 60, 66]: 0.8385481852315394
[5, 29, 48, 62, 66]: 0.8050688360450563
[5, 29, 52, 56, 58]: 0.8729662077596996
[5, 29, 52, 56, 60]: 0.8591989987484355
[5, 29, 52, 56, 62]: 0.8479349186483104
[5, 29, 52, 56, 66]: 0.8307259073842302
[5, 29, 52, 58, 60]: 0.9095744680851063
[5, 29, 52, 58, 62]: 0.8889236545682102
[5, 29, 52, 58, 66]: 0.8811013767209012
[5, 29, 52, 60, 62]: 0.8751564455569462
[5, 29, 52, 60, 66]: 0.8814142678347935
[5, 29, 52, 62, 66]: 0.8479349186483104
[5, 29, 56, 58, 60]: 0.860450563204005
[5, 29, 56, 58, 62]: 0.8494993742177722
[5, 29, 56, 58, 66]: 0.8319774718397998
[5, 29, 56, 60, 62]: 0.8357321652065082
[5, 29, 56, 60, 66]: 0.8322903629536921
[5, 29, 56, 62, 66]: 0.8085106382978723
[5, 29, 58, 60, 62]: 0.8785982478097623
[5, 29, 58, 60, 66]: 0.8845431789737171
[5, 29, 58, 62, 66]: 0.8513767209011264
[5, 29, 60, 62, 66]: 0.8513767209011264
[5, 34, 36, 40, 48]: 0.8326032540675845
[5, 34, 36, 40, 52]: 0.8648310387984981
[5, 34, 36, 40, 56]: 0.8197747183979975
[5, 34, 36, 40, 58]: 0.867334167709637
[5, 34, 36, 40, 60]: 0.8538798498122653
[5, 34, 36, 40, 62]: 0.8354192740926157
[5, 34, 36, 40, 66]: 0.8254067584480601
[5, 34, 36, 48, 52]: 0.8357321652065082
[5, 34, 36, 48, 58]: 0.8382352941176471
[5, 34, 36, 48, 60]: 0.8307259073842302
[5, 34, 36, 48, 62]: 0.8038172715894869
[5, 34, 36, 48, 66]: 0.8069461827284106
[5, 34, 36, 52, 56]: 0.8241551939924906
[5, 34, 36, 52, 58]: 0.8704630788485607
[5, 34, 36, 52, 60]: 0.8566958698372966
[5, 34, 36, 52, 62]: 0.8360450563204005
[5, 34, 36, 52, 66]: 0.8282227784730913
[5, 34, 36, 56, 58]: 0.8254067584480601
[5, 34, 36, 56, 60]: 0.811639549436796
[5, 34, 36, 56, 62]: 0.8006883604505632
[5, 34, 36, 58, 60]: 0.8591989987484355
[5, 34, 36, 58, 62]: 0.8388610763454318
[5, 34, 36, 58, 66]: 0.8307259073842302
[5, 34, 36, 60, 62]: 0.8250938673341677
[5, 34, 36, 60, 66]: 0.8310387984981227
[5, 34, 40, 48, 52]: 0.8379224030037546
[5, 34, 40, 48, 58]: 0.8404255319148937
[5, 34, 40, 48, 60]: 0.8332290362953693
[5, 34, 40, 48, 62]: 0.8085106382978723
[5, 34, 40, 48, 66]: 0.8094493116395495
[5, 34, 40, 52, 56]: 0.8485607008760951
[5, 34, 40, 52, 58]: 0.8948685857321652
[5, 34, 40, 52, 60]: 0.8814142678347935
[5, 34, 40, 52, 62]: 0.8629536921151439
[5, 34, 40, 52, 66]: 0.8529411764705882
[5, 34, 40, 56, 58]: 0.8498122653316645
[5, 34, 40, 56, 60]: 0.8363579474342928
[5, 34, 40, 56, 62]: 0.8275969962453066
[5, 34, 40, 56, 66]: 0.8078848560700876
[5, 34, 40, 58, 60]: 0.8839173967459324
[5, 34, 40, 58, 62]: 0.8657697121401752
[5, 34, 40, 58, 66]: 0.8554443053817271
[5, 34, 40, 60, 62]: 0.8520025031289111
[5, 34, 40, 60, 66]: 0.8557571964956195
[5, 34, 40, 62, 66]: 0.8247809762202754
[5, 34, 48, 52, 58]: 0.8435544430538173
[5, 34, 48, 52, 60]: 0.8360450563204005
[5, 34, 48, 52, 62]: 0.809136420525657
[5, 34, 48, 52, 66]: 0.8122653316645807
[5, 34, 48, 58, 60]: 0.8385481852315394
[5, 34, 48, 58, 62]: 0.8119524405506884
[5, 34, 48, 58, 66]: 0.8147684605757196
[5, 34, 48, 60, 62]: 0.8044430538172715
[5, 34, 48, 60, 66]: 0.815081351689612
[5, 34, 52, 56, 58]: 0.8541927409261577
[5, 34, 52, 56, 60]: 0.8404255319148937
[5, 34, 52, 56, 62]: 0.8294743429286608
[5, 34, 52, 56, 66]: 0.8119524405506884
[5, 34, 52, 58, 60]: 0.8867334167709637
[5, 34, 52, 58, 62]: 0.8663954943679599
[5, 34, 52, 58, 66]: 0.8582603254067585
[5, 34, 52, 60, 62]: 0.8526282853566959
[5, 34, 52, 60, 66]: 0.8585732165206508
[5, 34, 52, 62, 66]: 0.8254067584480601
[5, 34, 56, 58, 60]: 0.8416770963704631
[5, 34, 56, 58, 62]: 0.8310387984981227
[5, 34, 56, 58, 66]: 0.8132040050062578
[5, 34, 56, 60, 62]: 0.8172715894868585
[5, 34, 56, 60, 66]: 0.8135168961201502
[5, 34, 58, 60, 62]: 0.8554443053817271
[5, 34, 58, 60, 66]: 0.8610763454317898
[5, 34, 58, 62, 66]: 0.8282227784730913
[5, 34, 60, 62, 66]: 0.8282227784730913
[5, 36, 40, 48, 52]: 0.8541927409261577
[5, 36, 40, 48, 56]: 0.8053817271589487
[5, 36, 40, 48, 58]: 0.8573216520650814
[5, 36, 40, 48, 60]: 0.8494993742177722
[5, 36, 40, 48, 62]: 0.8250938673341677
[5, 36, 40, 48, 66]: 0.8254067584480601
[5, 36, 40, 52, 56]: 0.8388610763454318
[5, 36, 40, 52, 58]: 0.8889236545682102
[5, 36, 40, 52, 60]: 0.8748435544430538
[5, 36, 40, 52, 62]: 0.8566958698372966
[5, 36, 40, 52, 66]: 0.8460575719649562
[5, 36, 40, 56, 58]: 0.8401126408010012
[5, 36, 40, 56, 60]: 0.8260325406758448
[5, 36, 40, 56, 62]: 0.817584480600751
[5, 36, 40, 58, 60]: 0.8779724655819775
[5, 36, 40, 58, 62]: 0.8601376720901126
[5, 36, 40, 58, 66]: 0.8491864831038799
[5, 36, 40, 60, 62]: 0.8457446808510638
[5, 36, 40, 60, 66]: 0.8494993742177722
[5, 36, 40, 62, 66]: 0.8182102628285357
[5, 36, 48, 52, 56]: 0.8100750938673341
[5, 36, 48, 52, 58]: 0.860450563204005
[5, 36, 48, 52, 60]: 0.8523153942428036
[5, 36, 48, 52, 62]: 0.8257196495619524
[5, 36, 48, 52, 66]: 0.8282227784730913
[5, 36, 48, 56, 58]: 0.8113266583229036
[5, 36, 48, 56, 60]: 0.8031914893617021
[5, 36, 48, 58, 60]: 0.8554443053817271
[5, 36, 48, 58, 62]: 0.8291614518147684
[5, 36, 48, 58, 66]: 0.831351689612015
[5, 36, 48, 60, 62]: 0.8210262828535669
[5, 36, 48, 60, 66]: 0.8316645807259074
[5, 36, 52, 56, 58]: 0.8448060075093867
[5, 36, 52, 56, 60]: 0.8304130162703379
[5, 36, 52, 56, 62]: 0.8197747183979975
[5, 36, 52, 56, 66]: 0.8016270337922403
[5, 36, 52, 58, 60]: 0.8807884856070087
[5, 36, 52, 58, 62]: 0.8607634543178974
[5, 36, 52, 58, 66]: 0.8520025031289111
[5, 36, 52, 60, 62]: 0.8463704630788486
[5, 36, 52, 60, 66]: 0.8523153942428036
[5, 36, 52, 62, 66]: 0.8188360450563203
[5, 36, 56, 58, 60]: 0.8316645807259074
[5, 36, 56, 58, 62]: 0.8213391739674594
[5, 36, 56, 58, 66]: 0.8028785982478097
[5, 36, 56, 60, 62]: 0.8069461827284106
[5, 36, 56, 60, 66]: 0.8031914893617021
[5, 36, 58, 60, 62]: 0.8498122653316645
[5, 36, 58, 60, 66]: 0.8554443053817271
[5, 36, 58, 62, 66]: 0.8222778473091364
[5, 36, 60, 62, 66]: 0.8222778473091364
[5, 40, 48, 52, 56]: 0.8119524405506884
[5, 40, 48, 52, 58]: 0.8620150187734669
[5, 40, 48, 52, 60]: 0.8541927409261577
[5, 40, 48, 52, 62]: 0.8297872340425532
[5, 40, 48, 52, 66]: 0.8301001251564456
[5, 40, 48, 56, 58]: 0.8132040050062578
[5, 40, 48, 56, 60]: 0.8053817271589487
[5, 40, 48, 58, 60]: 0.8573216520650814
[5, 40, 48, 58, 62]: 0.8332290362953693
[5, 40, 48, 58, 66]: 0.8332290362953693
[5, 40, 48, 60, 62]: 0.8250938673341677
[5, 40, 48, 60, 66]: 0.8335419274092616
[5, 40, 48, 62, 66]: 0.8022528160200251
[5, 40, 52, 56, 58]: 0.8688986232790988
[5, 40, 52, 56, 60]: 0.8548185231539425
[5, 40, 52, 56, 62]: 0.8463704630788486
[5, 40, 52, 56, 66]: 0.8260325406758448
[5, 40, 52, 58, 60]: 0.904881101376721
[5, 40, 52, 58, 62]: 0.8870463078848561
[5, 40, 52, 58, 66]: 0.8760951188986232
[5, 40, 52, 60, 62]: 0.8726533166458073
[5, 40, 52, 60, 66]: 0.8764080100125157
[5, 40, 52, 62, 66]: 0.845118898623279
[5, 40, 56, 58, 60]: 0.8560700876095119
[5, 40, 56, 58, 62]: 0.8479349186483104
[5, 40, 56, 58, 66]: 0.8272841051314143
[5, 40, 56, 60, 62]: 0.8335419274092616
[5, 40, 56, 60, 66]: 0.8275969962453066
[5, 40, 56, 62, 66]: 0.8060075093867334
[5, 40, 58, 60, 62]: 0.8760951188986232
[5, 40, 58, 60, 66]: 0.8795369211514393
[5, 40, 58, 62, 66]: 0.8485607008760951
[5, 40, 60, 62, 66]: 0.8485607008760951
[5, 48, 52, 56, 58]: 0.8178973717146433
[5, 48, 52, 56, 60]: 0.8097622027534418
[5, 48, 52, 58, 60]: 0.8601376720901126
[5, 48, 52, 58, 62]: 0.8338548185231539
[5, 48, 52, 58, 66]: 0.8360450563204005
[5, 48, 52, 60, 62]: 0.8257196495619524
[5, 48, 52, 60, 66]: 0.8363579474342928
[5, 48, 52, 62, 66]: 0.8028785982478097
[5, 48, 56, 58, 60]: 0.8110137672090113
[5, 48, 58, 60, 62]: 0.8291614518147684
[5, 48, 58, 60, 66]: 0.8394868585732165
[5, 48, 58, 62, 66]: 0.8063204005006258
[5, 48, 60, 62, 66]: 0.8063204005006258
[5, 52, 56, 58, 60]: 0.860450563204005
[5, 52, 56, 58, 62]: 0.850125156445557
[5, 52, 56, 58, 66]: 0.8316645807259074
[5, 52, 56, 60, 62]: 0.8357321652065082
[5, 52, 56, 60, 66]: 0.8319774718397998
[5, 52, 56, 62, 66]: 0.80819774718398
[5, 52, 58, 60, 62]: 0.876720901126408
[5, 52, 58, 60, 66]: 0.8823529411764706
[5, 52, 58, 62, 66]: 0.8491864831038799
[5, 52, 60, 62, 66]: 0.8491864831038799
[5, 56, 58, 60, 62]: 0.83729662077597
[5, 56, 58, 60, 66]: 0.8332290362953693
[5, 56, 58, 62, 66]: 0.8097622027534418
[5, 56, 60, 62, 66]: 0.8097622027534418
[5, 58, 60, 62, 66]: 0.8526282853566959
[7, 9, 29, 34, 40]: 0.8210262828535669
[7, 9, 29, 34, 52]: 0.8247809762202754
[7, 9, 29, 34, 58]: 0.8269712140175219
[7, 9, 29, 34, 60]: 0.8157071339173968
[7, 9, 29, 36, 40]: 0.8247809762202754
[7, 9, 29, 36, 52]: 0.8291614518147684
[7, 9, 29, 36, 58]: 0.831351689612015
[7, 9, 29, 36, 60]: 0.8200876095118899
[7, 9, 29, 40, 52]: 0.8526282853566959
[7, 9, 29, 40, 56]: 0.8225907384230288
[7, 9, 29, 40, 58]: 0.8548185231539425
[7, 9, 29, 40, 60]: 0.8435544430538173
[7, 9, 29, 40, 62]: 0.8194618272841051
[7, 9, 29, 40, 66]: 0.8072590738423029
[7, 9, 29, 48, 52]: 0.8022528160200251
[7, 9, 29, 48, 58]: 0.8044430538172715
[7, 9, 29, 52, 56]: 0.827909887359199
[7, 9, 29, 52, 58]: 0.8591989987484355
[7, 9, 29, 52, 60]: 0.8479349186483104
[7, 9, 29, 52, 62]: 0.8207133917396746
[7, 9, 29, 52, 66]: 0.8113266583229036
[7, 9, 29, 56, 58]: 0.8291614518147684
[7, 9, 29, 56, 60]: 0.8178973717146433
[7, 9, 29, 58, 60]: 0.850125156445557
[7, 9, 29, 58, 62]: 0.8232165206508135
[7, 9, 29, 58, 66]: 0.8135168961201502
[7, 9, 29, 60, 62]: 0.811639549436796
[7, 9, 29, 60, 66]: 0.8138297872340425
[7, 9, 34, 40, 52]: 0.818523153942428
[7, 9, 34, 40, 58]: 0.8207133917396746
[7, 9, 34, 40, 60]: 0.8094493116395495
[7, 9, 34, 52, 58]: 0.824468085106383
[7, 9, 34, 52, 60]: 0.8132040050062578
[7, 9, 34, 58, 60]: 0.8153942428035044
[7, 9, 36, 40, 52]: 0.8222778473091364
[7, 9, 36, 40, 58]: 0.824468085106383
[7, 9, 36, 40, 60]: 0.8132040050062578
[7, 9, 36, 52, 58]: 0.8288485607008761
[7, 9, 36, 52, 60]: 0.817584480600751
[7, 9, 36, 58, 60]: 0.8197747183979975
[7, 9, 40, 52, 56]: 0.8210262828535669
[7, 9, 40, 52, 58]: 0.8523153942428036
[7, 9, 40, 52, 60]: 0.8410513141426783
[7, 9, 40, 52, 62]: 0.8169586983729662
[7, 9, 40, 52, 66]: 0.804755944931164
[7, 9, 40, 56, 58]: 0.8222778473091364
[7, 9, 40, 56, 60]: 0.8110137672090113
[7, 9, 40, 58, 60]: 0.8432415519399249
[7, 9, 40, 58, 62]: 0.8194618272841051
[7, 9, 40, 58, 66]: 0.8069461827284106
[7, 9, 40, 60, 62]: 0.8078848560700876
[7, 9, 40, 60, 66]: 0.8072590738423029
[7, 9, 48, 52, 58]: 0.8019399249061326
[7, 9, 52, 56, 58]: 0.8275969962453066
[7, 9, 52, 56, 60]: 0.8163329161451814
[7, 9, 52, 58, 60]: 0.8476220275344181
[7, 9, 52, 58, 62]: 0.8207133917396746
[7, 9, 52, 58, 66]: 0.8110137672090113
[7, 9, 52, 60, 62]: 0.809136420525657
[7, 9, 52, 60, 66]: 0.8113266583229036
[7, 9, 56, 58, 60]: 0.817584480600751
[7, 9, 58, 60, 62]: 0.811639549436796
[7, 9, 58, 60, 66]: 0.8135168961201502
[7, 25, 29, 34, 40]: 0.8066332916145181
[7, 25, 29, 34, 52]: 0.8113266583229036
[7, 25, 29, 34, 58]: 0.8135168961201502
[7, 25, 29, 34, 60]: 0.8050688360450563
[7, 25, 29, 36, 40]: 0.8275969962453066
[7, 25, 29, 36, 48]: 0.8157071339173968
[7, 25, 29, 36, 52]: 0.8326032540675845
[7, 25, 29, 36, 58]: 0.8354192740926157
[7, 25, 29, 36, 60]: 0.8269712140175219
[7, 25, 29, 40, 48]: 0.8135168961201502
[7, 25, 29, 40, 52]: 0.845118898623279
[7, 25, 29, 40, 56]: 0.8031914893617021
[7, 25, 29, 40, 58]: 0.8479349186483104
[7, 25, 29, 40, 60]: 0.8397997496871089
[7, 25, 29, 40, 62]: 0.8135168961201502
[7, 25, 29, 40, 66]: 0.804755944931164
[7, 25, 29, 48, 52]: 0.818523153942428
[7, 25, 29, 48, 58]: 0.8213391739674594
[7, 25, 29, 48, 60]: 0.8160200250312891
[7, 25, 29, 52, 56]: 0.8097622027534418
[7, 25, 29, 52, 58]: 0.8529411764705882
[7, 25, 29, 52, 60]: 0.8444931163954944
[7, 25, 29, 52, 62]: 0.815081351689612
[7, 25, 29, 52, 66]: 0.809136420525657
[7, 25, 29, 56, 58]: 0.8107008760951189
[7, 25, 29, 56, 60]: 0.8022528160200251
[7, 25, 29, 58, 60]: 0.8473091364205256
[7, 25, 29, 58, 62]: 0.8182102628285357
[7, 25, 29, 58, 66]: 0.8119524405506884
[7, 25, 29, 60, 62]: 0.8097622027534418
[7, 25, 29, 60, 66]: 0.8122653316645807
[7, 25, 34, 40, 52]: 0.804755944931164
[7, 25, 34, 40, 58]: 0.8069461827284106
[7, 25, 34, 52, 58]: 0.811639549436796
[7, 25, 34, 52, 60]: 0.8031914893617021
[7, 25, 34, 58, 60]: 0.8053817271589487
[7, 25, 36, 40, 48]: 0.8094493116395495
[7, 25, 36, 40, 52]: 0.8263454317897372
[7, 25, 36, 40, 58]: 0.8291614518147684
[7, 25, 36, 40, 60]: 0.8210262828535669
[7, 25, 36, 48, 52]: 0.8144555694618273
[7, 25, 36, 48, 58]: 0.8172715894868585
[7, 25, 36, 48, 60]: 0.8119524405506884
[7, 25, 36, 52, 58]: 0.8341677096370463
[7, 25, 36, 52, 60]: 0.8257196495619524
[7, 25, 36, 58, 60]: 0.8285356695869838
[7, 25, 40, 48, 52]: 0.8122653316645807
[7, 25, 40, 48, 58]: 0.815081351689612
[7, 25, 40, 48, 60]: 0.8100750938673341
[7, 25, 40, 52, 56]: 0.8038172715894869
[7, 25, 40, 52, 58]: 0.8466833541927409
[7, 25, 40, 52, 60]: 0.8385481852315394
[7, 25, 40, 52, 62]: 0.8122653316645807
[7, 25, 40, 52, 66]: 0.8028785982478097
[7, 25, 40, 56, 58]: 0.804755944931164
[7, 25, 40, 58, 60]: 0.8413642052565707
[7, 25, 40, 58, 62]: 0.8153942428035044
[7, 25, 40, 58, 66]: 0.8056946182728411
[7, 25, 40, 60, 62]: 0.8069461827284106
[7, 25, 40, 60, 66]: 0.8060075093867334
[7, 25, 48, 52, 58]: 0.8200876095118899
[7, 25, 48, 52, 60]: 0.8147684605757196
[7, 25, 48, 58, 60]: 0.817584480600751
[7, 25, 52, 56, 58]: 0.8113266583229036
[7, 25, 52, 56, 60]: 0.8028785982478097
[7, 25, 52, 58, 60]: 0.8460575719649562
[7, 25, 52, 58, 62]: 0.8169586983729662
[7, 25, 52, 58, 66]: 0.8100750938673341
[7, 25, 52, 60, 62]: 0.8085106382978723
[7, 25, 52, 60, 66]: 0.8103879849812266
[7, 25, 56, 58, 60]: 0.8038172715894869
[7, 25, 58, 60, 62]: 0.811639549436796
[7, 25, 58, 60, 66]: 0.8132040050062578
[7, 29, 34, 36, 40]: 0.8785982478097623
[7, 29, 34, 36, 48]: 0.8507509386733417
[7, 29, 34, 36, 52]: 0.8829787234042553
[7, 29, 34, 36, 56]: 0.8419899874843555
[7, 29, 34, 36, 58]: 0.8854818523153942
[7, 29, 34, 36, 60]: 0.8717146433041302
[7, 29, 34, 36, 62]: 0.8460575719649562
[7, 29, 34, 36, 66]: 0.8379224030037546
[7, 29, 34, 40, 48]: 0.8516896120150188
[7, 29, 34, 40, 52]: 0.9061326658322904
[7, 29, 34, 40, 56]: 0.8651439299123905
[7, 29, 34, 40, 58]: 0.9086357947434293
[7, 29, 34, 40, 60]: 0.8951814768460575
[7, 29, 34, 40, 62]: 0.8726533166458073
[7, 29, 34, 40, 66]: 0.8617021276595744
[7, 29, 34, 48, 52]: 0.8560700876095119
[7, 29, 34, 48, 56]: 0.815081351689612
[7, 29, 34, 48, 58]: 0.8585732165206508
[7, 29, 34, 48, 60]: 0.851063829787234
[7, 29, 34, 48, 62]: 0.8191489361702128
[7, 29, 34, 48, 66]: 0.821964956195244
[7, 29, 34, 52, 56]: 0.8707759699624531
[7, 29, 34, 52, 58]: 0.9130162703379224
[7, 29, 34, 52, 60]: 0.8992490613266583
[7, 29, 34, 52, 62]: 0.8735919899874843
[7, 29, 34, 52, 66]: 0.8654568210262829
[7, 29, 34, 56, 58]: 0.8720275344180225
[7, 29, 34, 56, 60]: 0.8582603254067585
[7, 29, 34, 56, 62]: 0.8432415519399249
[7, 29, 34, 56, 66]: 0.824468085106383
[7, 29, 34, 58, 60]: 0.9017521902377973
[7, 29, 34, 58, 62]: 0.8764080100125157
[7, 29, 34, 58, 66]: 0.8679599499374218
[7, 29, 34, 60, 62]: 0.8626408010012515
[7, 29, 34, 60, 66]: 0.8682728410513142
[7, 29, 34, 62, 66]: 0.8307259073842302
[7, 29, 36, 40, 48]: 0.8867334167709637
[7, 29, 36, 40, 52]: 0.9183354192740926
[7, 29, 36, 40, 56]: 0.8729662077596996
[7, 29, 36, 40, 58]: 0.9214643304130162
[7, 29, 36, 40, 60]: 0.9080100125156445
[7, 29, 36, 40, 62]: 0.882665832290363
[7, 29, 36, 40, 66]: 0.8701501877346683
[7, 29, 36, 48, 52]: 0.8914267834793492
[7, 29, 36, 48, 56]: 0.8457446808510638
[7, 29, 36, 48, 58]: 0.8945556946182729
[7, 29, 36, 48, 60]: 0.8870463078848561
[7, 29, 36, 48, 62]: 0.8523153942428036
[7, 29, 36, 48, 66]: 0.853566958698373
[7, 29, 36, 52, 56]: 0.8792240300375469
[7, 29, 36, 52, 58]: 0.9261576971214017
[7, 29, 36, 52, 60]: 0.9123904881101377
[7, 29, 36, 52, 62]: 0.8839173967459324
[7, 29, 36, 52, 66]: 0.8742177722152691
[7, 29, 36, 56, 58]: 0.8804755944931164
[7, 29, 36, 56, 60]: 0.8667083854818524
[7, 29, 36, 56, 62]: 0.850125156445557
[7, 29, 36, 56, 66]: 0.8285356695869838
[7, 29, 36, 58, 60]: 0.9155193992490613
[7, 29, 36, 58, 62]: 0.8873591989987485
[7, 29, 36, 58, 66]: 0.8773466833541927
[7, 29, 36, 60, 62]: 0.8735919899874843
[7, 29, 36, 60, 66]: 0.8776595744680851
[7, 29, 36, 62, 66]: 0.83729662077597
[7, 29, 40, 42, 52]: 0.8060075093867334
[7, 29, 40, 42, 58]: 0.8075719649561952
[7, 29, 40, 42, 60]: 0.8003754693366708
[7, 29, 40, 48, 52]: 0.8914267834793492
[7, 29, 40, 48, 56]: 0.8460575719649562
[7, 29, 40, 48, 58]: 0.8945556946182729
[7, 29, 40, 48, 60]: 0.8873591989987485
[7, 29, 40, 48, 62]: 0.8557571964956195
[7, 29, 40, 48, 66]: 0.8541927409261577
[7, 29, 40, 52, 56]: 0.9017521902377973
[7, 29, 40, 52, 58]: 0.9483729662077597
[7, 29, 40, 52, 60]: 0.934918648310388
[7, 29, 40, 52, 62]: 0.9095744680851063
[7, 29, 40, 52, 66]: 0.8970588235294118
[7, 29, 40, 56, 58]: 0.9030037546933667
[7, 29, 40, 56, 60]: 0.889549436795995
[7, 29, 40, 56, 62]: 0.8760951188986232
[7, 29, 40, 56, 66]: 0.8516896120150188
[7, 29, 40, 58, 60]: 0.9380475594493116
[7, 29, 40, 58, 62]: 0.9130162703379224
[7, 29, 40, 58, 66]: 0.9001877346683355
[7, 29, 40, 60, 62]: 0.8992490613266583
[7, 29, 40, 60, 66]: 0.9005006257822278
[7, 29, 40, 62, 66]: 0.8629536921151439
[7, 29, 42, 52, 58]: 0.8110137672090113
[7, 29, 42, 52, 60]: 0.8038172715894869
[7, 29, 42, 58, 60]: 0.8053817271589487
[7, 29, 48, 52, 56]: 0.8523153942428036
[7, 29, 48, 52, 58]: 0.8992490613266583
[7, 29, 48, 52, 60]: 0.8917396745932415
[7, 29, 48, 52, 62]: 0.8570087609511889
[7, 29, 48, 52, 66]: 0.8582603254067585
[7, 29, 48, 56, 58]: 0.853566958698373
[7, 29, 48, 56, 60]: 0.8460575719649562
[7, 29, 48, 56, 62]: 0.8232165206508135
[7, 29, 48, 56, 66]: 0.8125782227784731
[7, 29, 48, 58, 60]: 0.8948685857321652
[7, 29, 48, 58, 62]: 0.860450563204005
[7, 29, 48, 58, 66]: 0.8613892365456821
[7, 29, 48, 60, 62]: 0.8529411764705882
[7, 29, 48, 60, 66]: 0.8617021276595744
[7, 29, 48, 62, 66]: 0.8213391739674594
[7, 29, 52, 56, 58]: 0.909261576971214
[7, 29, 52, 56, 60]: 0.89549436795995
[7, 29, 52, 56, 62]: 0.8789111389236546
[7, 29, 52, 56, 66]: 0.8573216520650814
[7, 29, 52, 58, 60]: 0.9424280350438048
[7, 29, 52, 58, 62]: 0.9142678347934918
[7, 29, 52, 58, 66]: 0.9042553191489362
[7, 29, 52, 60, 62]: 0.9005006257822278
[7, 29, 52, 60, 66]: 0.9045682102628285
[7, 29, 52, 62, 66]: 0.8642052565707133
[7, 29, 56, 58, 60]: 0.8967459324155194
[7, 29, 56, 58, 62]: 0.8804755944931164
[7, 29, 56, 58, 66]: 0.8585732165206508
[7, 29, 56, 60, 62]: 0.8667083854818524
[7, 29, 56, 60, 66]: 0.8588861076345432
[7, 29, 56, 62, 66]: 0.8304130162703379
[7, 29, 58, 60, 62]: 0.9039424280350438
[7, 29, 58, 60, 66]: 0.9076971214017522
[7, 29, 58, 62, 66]: 0.8676470588235294
[7, 29, 60, 62, 66]: 0.8676470588235294
[7, 34, 36, 40, 48]: 0.844180225281602
[7, 34, 36, 40, 52]: 0.8764080100125157
[7, 34, 36, 40, 56]: 0.8354192740926157
[7, 34, 36, 40, 58]: 0.8789111389236546
[7, 34, 36, 40, 60]: 0.8654568210262829
[7, 34, 36, 40, 62]: 0.8429286608260326
[7, 34, 36, 40, 66]: 0.8319774718397998
[7, 34, 36, 48, 52]: 0.8485607008760951
[7, 34, 36, 48, 56]: 0.8075719649561952
[7, 34, 36, 48, 58]: 0.851063829787234
[7, 34, 36, 48, 60]: 0.8435544430538173
[7, 34, 36, 48, 62]: 0.811639549436796
[7, 34, 36, 48, 66]: 0.8144555694618273
[7, 34, 36, 52, 56]: 0.8410513141426783
[7, 34, 36, 52, 58]: 0.8832916145181476
[7, 34, 36, 52, 60]: 0.8695244055068836
[7, 34, 36, 52, 62]: 0.8438673341677096
[7, 34, 36, 52, 66]: 0.8357321652065082
[7, 34, 36, 56, 58]: 0.8423028785982478
[7, 34, 36, 56, 60]: 0.8285356695869838
[7, 34, 36, 56, 62]: 0.8135168961201502
[7, 34, 36, 58, 60]: 0.8720275344180225
[7, 34, 36, 58, 62]: 0.8466833541927409
[7, 34, 36, 58, 66]: 0.8382352941176471
[7, 34, 36, 60, 62]: 0.8329161451814768
[7, 34, 36, 60, 66]: 0.8385481852315394
[7, 34, 36, 62, 66]: 0.8010012515644556
[7, 34, 40, 48, 52]: 0.8494993742177722
[7, 34, 40, 48, 56]: 0.8085106382978723
[7, 34, 40, 48, 58]: 0.8520025031289111
[7, 34, 40, 48, 60]: 0.8448060075093867
[7, 34, 40, 48, 62]: 0.8160200250312891
[7, 34, 40, 48, 66]: 0.8160200250312891
[7, 34, 40, 52, 56]: 0.8642052565707133
[7, 34, 40, 52, 58]: 0.9064455569461827
[7, 34, 40, 52, 60]: 0.8929912390488111
[7, 34, 40, 52, 62]: 0.8704630788485607
[7, 34, 40, 52, 66]: 0.859511889862328
[7, 34, 40, 56, 58]: 0.8654568210262829
[7, 34, 40, 56, 60]: 0.8520025031289111
[7, 34, 40, 56, 62]: 0.8401126408010012
[7, 34, 40, 56, 66]: 0.818523153942428
[7, 34, 40, 58, 60]: 0.89549436795995
[7, 34, 40, 58, 62]: 0.873279098873592
[7, 34, 40, 58, 66]: 0.8620150187734669
[7, 34, 40, 60, 62]: 0.859511889862328
[7, 34, 40, 60, 66]: 0.8623279098873592
[7, 34, 40, 62, 66]: 0.8275969962453066
[7, 34, 48, 52, 56]: 0.814142678347935
[7, 34, 48, 52, 58]: 0.8563829787234043
[7, 34, 48, 52, 60]: 0.8488735919899875
[7, 34, 48, 52, 62]: 0.8169586983729662
[7, 34, 48, 52, 66]: 0.8197747183979975
[7, 34, 48, 56, 58]: 0.8153942428035044
[7, 34, 48, 56, 60]: 0.8078848560700876
[7, 34, 48, 58, 60]: 0.8513767209011264
[7, 34, 48, 58, 62]: 0.8197747183979975
[7, 34, 48, 58, 66]: 0.8222778473091364
[7, 34, 48, 60, 62]: 0.8122653316645807
[7, 34, 48, 60, 66]: 0.8225907384230288
[7, 34, 52, 56, 58]: 0.8710888610763454
[7, 34, 52, 56, 60]: 0.8573216520650814
[7, 34, 52, 56, 62]: 0.8423028785982478
[7, 34, 52, 56, 66]: 0.8235294117647058
[7, 34, 52, 58, 60]: 0.8995619524405507
[7, 34, 52, 58, 62]: 0.8742177722152691
[7, 34, 52, 58, 66]: 0.8657697121401752
[7, 34, 52, 60, 62]: 0.860450563204005
[7, 34, 52, 60, 66]: 0.8660826032540676
[7, 34, 52, 62, 66]: 0.8285356695869838
[7, 34, 56, 58, 60]: 0.8585732165206508
[7, 34, 56, 58, 62]: 0.8438673341677096
[7, 34, 56, 58, 66]: 0.8247809762202754
[7, 34, 56, 60, 62]: 0.8301001251564456
[7, 34, 56, 60, 66]: 0.8250938673341677
[7, 34, 58, 60, 62]: 0.8632665832290363
[7, 34, 58, 60, 66]: 0.8685857321652065
[7, 34, 58, 62, 66]: 0.831351689612015
[7, 34, 60, 62, 66]: 0.831351689612015
[7, 36, 40, 48, 52]: 0.8854818523153942
[7, 36, 40, 48, 56]: 0.8401126408010012
[7, 36, 40, 48, 58]: 0.8886107634543179
[7, 36, 40, 48, 60]: 0.8814142678347935
[7, 36, 40, 48, 62]: 0.8498122653316645
[7, 36, 40, 48, 66]: 0.8473091364205256
[7, 36, 40, 52, 56]: 0.8735919899874843
[7, 36, 40, 52, 58]: 0.9202127659574468
[7, 36, 40, 52, 60]: 0.9067584480600751
[7, 36, 40, 52, 62]: 0.8814142678347935
[7, 36, 40, 52, 66]: 0.8679599499374218
[7, 36, 40, 56, 58]: 0.8748435544430538
[7, 36, 40, 56, 60]: 0.8613892365456821
[7, 36, 40, 56, 62]: 0.8479349186483104
[7, 36, 40, 56, 66]: 0.8225907384230288
[7, 36, 40, 58, 60]: 0.9098873591989988
[7, 36, 40, 58, 62]: 0.8848560700876095
[7, 36, 40, 58, 66]: 0.8710888610763454
[7, 36, 40, 60, 62]: 0.8710888610763454
[7, 36, 40, 60, 66]: 0.8714017521902377
[7, 36, 40, 62, 66]: 0.8338548185231539
[7, 36, 48, 52, 56]: 0.8463704630788486
[7, 36, 48, 52, 58]: 0.8933041301627034
[7, 36, 48, 52, 60]: 0.8857947434292867
[7, 36, 48, 52, 62]: 0.851063829787234
[7, 36, 48, 52, 66]: 0.8513767209011264
[7, 36, 48, 56, 58]: 0.8476220275344181
[7, 36, 48, 56, 60]: 0.8401126408010012
[7, 36, 48, 56, 62]: 0.8172715894868585
[7, 36, 48, 56, 66]: 0.8056946182728411
[7, 36, 48, 58, 60]: 0.8889236545682102
[7, 36, 48, 58, 62]: 0.85450563204005
[7, 36, 48, 58, 66]: 0.85450563204005
[7, 36, 48, 60, 62]: 0.8469962453066333
[7, 36, 48, 60, 66]: 0.8548185231539425
[7, 36, 48, 62, 66]: 0.8144555694618273
[7, 36, 52, 56, 58]: 0.8811013767209012
[7, 36, 52, 56, 60]: 0.867334167709637
[7, 36, 52, 56, 62]: 0.8507509386733417
[7, 36, 52, 56, 66]: 0.8282227784730913
[7, 36, 52, 58, 60]: 0.9142678347934918
[7, 36, 52, 58, 62]: 0.886107634543179
[7, 36, 52, 58, 66]: 0.8751564455569462
[7, 36, 52, 60, 62]: 0.8723404255319149
[7, 36, 52, 60, 66]: 0.8754693366708386
[7, 36, 52, 62, 66]: 0.8351063829787234
[7, 36, 56, 58, 60]: 0.8685857321652065
[7, 36, 56, 58, 62]: 0.8523153942428036
[7, 36, 56, 58, 66]: 0.8294743429286608
[7, 36, 56, 60, 62]: 0.8385481852315394
[7, 36, 56, 60, 66]: 0.8297872340425532
[7, 36, 56, 62, 66]: 0.8013141426783479
[7, 36, 58, 60, 62]: 0.8757822277847309
[7, 36, 58, 60, 66]: 0.8785982478097623
[7, 36, 58, 62, 66]: 0.8385481852315394
[7, 36, 60, 62, 66]: 0.8385481852315394
[7, 40, 42, 52, 58]: 0.8069461827284106
[7, 40, 42, 58, 60]: 0.8013141426783479
[7, 40, 48, 52, 56]: 0.8466833541927409
[7, 40, 48, 52, 58]: 0.8933041301627034
[7, 40, 48, 52, 60]: 0.886107634543179
[7, 40, 48, 52, 62]: 0.85450563204005
[7, 40, 48, 52, 66]: 0.8520025031289111
[7, 40, 48, 56, 58]: 0.8479349186483104
[7, 40, 48, 56, 60]: 0.840738423028786
[7, 40, 48, 56, 62]: 0.8210262828535669
[7, 40, 48, 56, 66]: 0.8066332916145181
[7, 40, 48, 58, 60]: 0.8892365456821026
[7, 40, 48, 58, 62]: 0.8579474342928661
[7, 40, 48, 58, 66]: 0.8551314142678348
[7, 40, 48, 60, 62]: 0.8504380475594493
[7, 40, 48, 60, 66]: 0.8554443053817271
[7, 40, 48, 62, 66]: 0.8178973717146433
[7, 40, 52, 56, 58]: 0.9036295369211514
[7, 40, 52, 56, 60]: 0.8901752190237797
[7, 40, 52, 56, 62]: 0.876720901126408
[7, 40, 52, 56, 66]: 0.8513767209011264
[7, 40, 52, 58, 60]: 0.9367959949937422
[7, 40, 52, 58, 62]: 0.9117647058823529
[7, 40, 52, 58, 66]: 0.8979974968710889
[7, 40, 52, 60, 62]: 0.8979974968710889
[7, 40, 52, 60, 66]: 0.8983103879849812
[7, 40, 52, 62, 66]: 0.8607634543178974
[7, 40, 56, 58, 60]: 0.8914267834793492
[7, 40, 56, 58, 62]: 0.8782853566958698
[7, 40, 56, 58, 66]: 0.8526282853566959
[7, 40, 56, 60, 62]: 0.8645181476846058
[7, 40, 56, 60, 66]: 0.8529411764705882
[7, 40, 56, 62, 66]: 0.8272841051314143
[7, 40, 58, 60, 62]: 0.9014392991239049
[7, 40, 58, 60, 66]: 0.9014392991239049
[7, 40, 58, 62, 66]: 0.8642052565707133
[7, 40, 60, 62, 66]: 0.8642052565707133
[7, 42, 52, 58, 60]: 0.804755944931164
[7, 48, 52, 56, 58]: 0.8541927409261577
[7, 48, 52, 56, 60]: 0.8466833541927409
[7, 48, 52, 56, 62]: 0.8238423028785983
[7, 48, 52, 56, 66]: 0.8122653316645807
[7, 48, 52, 58, 60]: 0.8936170212765957
[7, 48, 52, 58, 62]: 0.8591989987484355
[7, 48, 52, 58, 66]: 0.8591989987484355
[7, 48, 52, 60, 62]: 0.8516896120150188
[7, 48, 52, 60, 66]: 0.859511889862328
[7, 48, 52, 62, 66]: 0.8191489361702128
[7, 48, 56, 58, 60]: 0.8479349186483104
[7, 48, 56, 58, 62]: 0.8254067584480601
[7, 48, 56, 58, 66]: 0.8135168961201502
[7, 48, 56, 60, 62]: 0.8178973717146433
[7, 48, 56, 60, 66]: 0.8138297872340425
[7, 48, 58, 60, 62]: 0.8551314142678348
[7, 48, 58, 60, 66]: 0.8626408010012515
[7, 48, 58, 62, 66]: 0.8225907384230288
[7, 48, 60, 62, 66]: 0.8225907384230288
[7, 52, 56, 58, 60]: 0.8973717146433041
[7, 52, 56, 58, 62]: 0.8811013767209012
[7, 52, 56, 58, 66]: 0.8582603254067585
[7, 52, 56, 60, 62]: 0.867334167709637
[7, 52, 56, 60, 66]: 0.8585732165206508
[7, 52, 56, 62, 66]: 0.8301001251564456
[7, 52, 58, 60, 62]: 0.9026908635794744
[7, 52, 58, 60, 66]: 0.9055068836045056
[7, 52, 58, 62, 66]: 0.8654568210262829
[7, 52, 60, 62, 66]: 0.8654568210262829
[7, 56, 58, 60, 62]: 0.8688986232790988
[7, 56, 58, 60, 66]: 0.8598247809762203
[7, 56, 58, 62, 66]: 0.8316645807259074
[7, 56, 60, 62, 66]: 0.8316645807259074
[7, 58, 60, 62, 66]: 0.8688986232790988
[9, 29, 34, 36, 40]: 0.8241551939924906
[9, 29, 34, 36, 52]: 0.827909887359199
[9, 29, 34, 36, 58]: 0.8301001251564456
[9, 29, 34, 36, 60]: 0.8188360450563203
[9, 29, 34, 40, 52]: 0.8520025031289111
[9, 29, 34, 40, 56]: 0.8182102628285357
[9, 29, 34, 40, 58]: 0.8541927409261577
[9, 29, 34, 40, 60]: 0.8429286608260326
[9, 29, 34, 40, 62]: 0.8213391739674594
[9, 29, 34, 40, 66]: 0.8100750938673341
[9, 29, 34, 48, 52]: 0.8010012515644556
[9, 29, 34, 48, 58]: 0.8031914893617021
[9, 29, 34, 52, 56]: 0.8229036295369212
[9, 29, 34, 52, 58]: 0.8579474342928661
[9, 29, 34, 52, 60]: 0.8466833541927409
[9, 29, 34, 52, 62]: 0.821964956195244
[9, 29, 34, 52, 66]: 0.8135168961201502
[9, 29, 34, 56, 58]: 0.8241551939924906
[9, 29, 34, 56, 60]: 0.8128911138923655
[9, 29, 34, 58, 60]: 0.8488735919899875
[9, 29, 34, 58, 62]: 0.824468085106383
[9, 29, 34, 58, 66]: 0.8157071339173968
[9, 29, 34, 60, 62]: 0.8128911138923655
[9, 29, 34, 60, 66]: 0.8160200250312891
[9, 29, 36, 40, 48]: 0.824468085106383
[9, 29, 36, 40, 52]: 0.8570087609511889
[9, 29, 36, 40, 56]: 0.8213391739674594
[9, 29, 36, 40, 58]: 0.8591989987484355
[9, 29, 36, 40, 60]: 0.8479349186483104
[9, 29, 36, 40, 62]: 0.8238423028785983
[9, 29, 36, 40, 66]: 0.8113266583229036
[9, 29, 36, 48, 52]: 0.8288485607008761
[9, 29, 36, 48, 58]: 0.8310387984981227
[9, 29, 36, 48, 60]: 0.8260325406758448
[9, 29, 36, 52, 56]: 0.8266583229036295
[9, 29, 36, 52, 58]: 0.8635794743429287
[9, 29, 36, 52, 60]: 0.8523153942428036
[9, 29, 36, 52, 62]: 0.8250938673341677
[9, 29, 36, 52, 66]: 0.8153942428035044
[9, 29, 36, 56, 58]: 0.827909887359199
[9, 29, 36, 56, 60]: 0.8166458072590739
[9, 29, 36, 58, 60]: 0.85450563204005
[9, 29, 36, 58, 62]: 0.8275969962453066
[9, 29, 36, 58, 66]: 0.817584480600751
[9, 29, 36, 60, 62]: 0.8160200250312891
[9, 29, 36, 60, 66]: 0.8178973717146433
[9, 29, 40, 48, 52]: 0.8301001251564456
[9, 29, 40, 48, 58]: 0.8322903629536921
[9, 29, 40, 48, 60]: 0.8272841051314143
[9, 29, 40, 52, 56]: 0.850125156445557
[9, 29, 40, 52, 58]: 0.8870463078848561
[9, 29, 40, 52, 60]: 0.8757822277847309
[9, 29, 40, 52, 62]: 0.8516896120150188
[9, 29, 40, 52, 66]: 0.8391739674593242
[9, 29, 40, 56, 58]: 0.8513767209011264
[9, 29, 40, 56, 60]: 0.8401126408010012
[9, 29, 40, 56, 62]: 0.8250938673341677
[9, 29, 40, 56, 66]: 0.8035043804755945
[9, 29, 40, 58, 60]: 0.8779724655819775
[9, 29, 40, 58, 62]: 0.8541927409261577
[9, 29, 40, 58, 66]: 0.8413642052565707
[9, 29, 40, 60, 62]: 0.8426157697121401
[9, 29, 40, 60, 66]: 0.8416770963704631
[9, 29, 40, 62, 66]: 0.8075719649561952
[9, 29, 48, 52, 58]: 0.8366708385481852
[9, 29, 48, 52, 60]: 0.8316645807259074
[9, 29, 48, 56, 58]: 0.8010012515644556
[9, 29, 48, 58, 60]: 0.8338548185231539
[9, 29, 48, 58, 62]: 0.8006883604505632
[9, 29, 48, 58, 66]: 0.8016270337922403
[9, 29, 48, 60, 66]: 0.8019399249061326
[9, 29, 52, 56, 58]: 0.8566958698372966
[9, 29, 52, 56, 60]: 0.8454317897371715
[9, 29, 52, 56, 62]: 0.8272841051314143
[9, 29, 52, 56, 66]: 0.8085106382978723
[9, 29, 52, 58, 60]: 0.8823529411764706
[9, 29, 52, 58, 62]: 0.8554443053817271
[9, 29, 52, 58, 66]: 0.8454317897371715
[9, 29, 52, 60, 62]: 0.8438673341677096
[9, 29, 52, 60, 66]: 0.8457446808510638
[9, 29, 52, 62, 66]: 0.8088235294117647
[9, 29, 56, 58, 60]: 0.8466833541927409
[9, 29, 56, 58, 62]: 0.8288485607008761
[9, 29, 56, 58, 66]: 0.8097622027534418
[9, 29, 56, 60, 62]: 0.8172715894868585
[9, 29, 56, 60, 66]: 0.8100750938673341
[9, 29, 58, 60, 62]: 0.8463704630788486
[9, 29, 58, 60, 66]: 0.8479349186483104
[9, 29, 58, 62, 66]: 0.8113266583229036
[9, 29, 60, 62, 66]: 0.8113266583229036
[9, 34, 36, 40, 52]: 0.8222778473091364
[9, 34, 36, 40, 58]: 0.824468085106383
[9, 34, 36, 40, 60]: 0.8132040050062578
[9, 34, 36, 52, 58]: 0.8282227784730913
[9, 34, 36, 52, 60]: 0.8169586983729662
[9, 34, 36, 58, 60]: 0.8191489361702128
[9, 34, 40, 52, 56]: 0.8172715894868585
[9, 34, 40, 52, 58]: 0.8523153942428036
[9, 34, 40, 52, 60]: 0.8410513141426783
[9, 34, 40, 52, 62]: 0.8194618272841051
[9, 34, 40, 52, 66]: 0.80819774718398
[9, 34, 40, 56, 58]: 0.818523153942428
[9, 34, 40, 56, 60]: 0.8072590738423029
[9, 34, 40, 58, 60]: 0.8432415519399249
[9, 34, 40, 58, 62]: 0.821964956195244
[9, 34, 40, 58, 66]: 0.8103879849812266
[9, 34, 40, 60, 62]: 0.8103879849812266
[9, 34, 40, 60, 66]: 0.8107008760951189
[9, 34, 48, 52, 58]: 0.8013141426783479
[9, 34, 52, 56, 58]: 0.8232165206508135
[9, 34, 52, 56, 60]: 0.8119524405506884
[9, 34, 52, 58, 60]: 0.8469962453066333
[9, 34, 52, 58, 62]: 0.8225907384230288
[9, 34, 52, 58, 66]: 0.8138297872340425
[9, 34, 52, 60, 62]: 0.8110137672090113
[9, 34, 52, 60, 66]: 0.814142678347935
[9, 34, 56, 58, 60]: 0.8132040050062578
[9, 34, 58, 60, 62]: 0.8135168961201502
[9, 34, 58, 60, 66]: 0.8163329161451814
[9, 36, 40, 48, 52]: 0.824468085106383
[9, 36, 40, 48, 58]: 0.8266583229036295
[9, 36, 40, 48, 60]: 0.8210262828535669
[9, 36, 40, 52, 56]: 0.8222778473091364
[9, 36, 40, 52, 58]: 0.8591989987484355
[9, 36, 40, 52, 60]: 0.8473091364205256
[9, 36, 40, 52, 62]: 0.8238423028785983
[9, 36, 40, 52, 66]: 0.8100750938673341
[9, 36, 40, 56, 58]: 0.8235294117647058
[9, 36, 40, 56, 60]: 0.811639549436796
[9, 36, 40, 58, 60]: 0.8494993742177722
[9, 36, 40, 58, 62]: 0.8263454317897372
[9, 36, 40, 58, 66]: 0.8122653316645807
[9, 36, 40, 60, 62]: 0.814142678347935
[9, 36, 40, 60, 66]: 0.8125782227784731
[9, 36, 48, 52, 58]: 0.8310387984981227
[9, 36, 48, 52, 60]: 0.8254067584480601
[9, 36, 48, 58, 60]: 0.8275969962453066
[9, 36, 52, 56, 58]: 0.8288485607008761
[9, 36, 52, 56, 60]: 0.8169586983729662
[9, 36, 52, 58, 60]: 0.8538798498122653
[9, 36, 52, 58, 62]: 0.8275969962453066
[9, 36, 52, 58, 66]: 0.8163329161451814
[9, 36, 52, 60, 62]: 0.8153942428035044
[9, 36, 52, 60, 66]: 0.8166458072590739
[9, 36, 56, 58, 60]: 0.8182102628285357
[9, 36, 56, 58, 62]: 0.8010012515644556
[9, 36, 58, 60, 62]: 0.8178973717146433
[9, 36, 58, 60, 66]: 0.8188360450563203
[9, 40, 48, 52, 58]: 0.8322903629536921
[9, 40, 48, 52, 60]: 0.8266583229036295
[9, 40, 48, 58, 60]: 0.8288485607008761
[9, 40, 52, 56, 58]: 0.8523153942428036
[9, 40, 52, 56, 60]: 0.8404255319148937
[9, 40, 52, 56, 62]: 0.8260325406758448
[9, 40, 52, 56, 66]: 0.8031914893617021
[9, 40, 52, 58, 60]: 0.8773466833541927
[9, 40, 52, 58, 62]: 0.8541927409261577
[9, 40, 52, 58, 66]: 0.8401126408010012
[9, 40, 52, 60, 62]: 0.8419899874843555
[9, 40, 52, 60, 66]: 0.8404255319148937
[9, 40, 52, 62, 66]: 0.8063204005006258
[9, 40, 56, 58, 60]: 0.8416770963704631
[9, 40, 56, 58, 62]: 0.8275969962453066
[9, 40, 56, 58, 66]: 0.8044430538172715
[9, 40, 56, 60, 62]: 0.8153942428035044
[9, 40, 56, 60, 66]: 0.804755944931164
[9, 40, 58, 60, 62]: 0.8444931163954944
[9, 40, 58, 60, 66]: 0.8426157697121401
[9, 40, 58, 62, 66]: 0.8088235294117647
[9, 40, 60, 62, 66]: 0.8088235294117647
[9, 48, 52, 56, 58]: 0.8019399249061326
[9, 48, 52, 58, 60]: 0.8332290362953693
[9, 48, 52, 58, 62]: 0.8006883604505632
[9, 48, 52, 58, 66]: 0.8003754693366708
[9, 48, 52, 60, 66]: 0.8006883604505632
[9, 48, 58, 60, 66]: 0.8028785982478097
[9, 52, 56, 58, 60]: 0.8469962453066333
[9, 52, 56, 58, 62]: 0.8297872340425532
[9, 52, 56, 58, 66]: 0.8094493116395495
[9, 52, 56, 60, 62]: 0.817584480600751
[9, 52, 56, 60, 66]: 0.8097622027534418
[9, 52, 58, 60, 62]: 0.8457446808510638
[9, 52, 58, 60, 66]: 0.8466833541927409
[9, 52, 58, 62, 66]: 0.8100750938673341
[9, 52, 60, 62, 66]: 0.8100750938673341
[9, 56, 58, 60, 62]: 0.8191489361702128
[9, 56, 58, 60, 66]: 0.8110137672090113
[9, 58, 60, 62, 66]: 0.8125782227784731
[25, 29, 34, 36, 40]: 0.8194618272841051
[25, 29, 34, 36, 48]: 0.8066332916145181
[25, 29, 34, 36, 52]: 0.8241551939924906
[25, 29, 34, 36, 58]: 0.8263454317897372
[25, 29, 34, 36, 60]: 0.8178973717146433
[25, 29, 34, 40, 48]: 0.8053817271589487
[25, 29, 34, 40, 52]: 0.8376095118898623
[25, 29, 34, 40, 58]: 0.8397997496871089
[25, 29, 34, 40, 60]: 0.8316645807259074
[25, 29, 34, 40, 62]: 0.8078848560700876
[25, 29, 34, 40, 66]: 0.8010012515644556
[25, 29, 34, 48, 52]: 0.8100750938673341
[25, 29, 34, 48, 58]: 0.8122653316645807
[25, 29, 34, 48, 60]: 0.8069461827284106
[25, 29, 34, 52, 56]: 0.8010012515644556
[25, 29, 34, 52, 58]: 0.8444931163954944
[25, 29, 34, 52, 60]: 0.8360450563204005
[25, 29, 34, 52, 62]: 0.809136420525657
[25, 29, 34, 52, 66]: 0.8050688360450563
[25, 29, 34, 56, 58]: 0.8019399249061326
[25, 29, 34, 58, 60]: 0.8382352941176471
[25, 29, 34, 58, 62]: 0.811639549436796
[25, 29, 34, 58, 66]: 0.8072590738423029
[25, 29, 34, 60, 62]: 0.8031914893617021
[25, 29, 34, 60, 66]: 0.8075719649561952
[25, 29, 36, 40, 48]: 0.8423028785982478
[25, 29, 36, 40, 52]: 0.8591989987484355
[25, 29, 36, 40, 56]: 0.811639549436796
[25, 29, 36, 40, 58]: 0.8620150187734669
[25, 29, 36, 40, 60]: 0.8538798498122653
[25, 29, 36, 40, 62]: 0.8275969962453066
[25, 29, 36, 40, 66]: 0.8188360450563203
[25, 29, 36, 48, 52]: 0.8473091364205256
[25, 29, 36, 48, 58]: 0.850125156445557
[25, 29, 36, 48, 60]: 0.8448060075093867
[25, 29, 36, 48, 62]: 0.8122653316645807
[25, 29, 36, 48, 66]: 0.811639549436796
[25, 29, 36, 52, 56]: 0.8182102628285357
[25, 29, 36, 52, 58]: 0.8670212765957447
[25, 29, 36, 52, 60]: 0.8585732165206508
[25, 29, 36, 52, 62]: 0.8291614518147684
[25, 29, 36, 52, 66]: 0.8232165206508135
[25, 29, 36, 56, 58]: 0.8191489361702128
[25, 29, 36, 56, 60]: 0.8107008760951189
[25, 29, 36, 58, 60]: 0.8613892365456821
[25, 29, 36, 58, 62]: 0.8322903629536921
[25, 29, 36, 58, 66]: 0.8260325406758448
[25, 29, 36, 60, 62]: 0.8238423028785983
[25, 29, 36, 60, 66]: 0.8263454317897372
[25, 29, 40, 48, 52]: 0.845118898623279
[25, 29, 40, 48, 58]: 0.8479349186483104
[25, 29, 40, 48, 60]: 0.8429286608260326
[25, 29, 40, 48, 62]: 0.8135168961201502
[25, 29, 40, 48, 66]: 0.8100750938673341
[25, 29, 40, 52, 56]: 0.8310387984981227
[25, 29, 40, 52, 58]: 0.8795369211514393
[25, 29, 40, 52, 60]: 0.8714017521902377
[25, 29, 40, 52, 62]: 0.845118898623279
[25, 29, 40, 52, 66]: 0.8363579474342928
[25, 29, 40, 56, 58]: 0.8319774718397998
[25, 29, 40, 56, 60]: 0.8238423028785983
[25, 29, 40, 56, 62]: 0.80819774718398
[25, 29, 40, 58, 60]: 0.8742177722152691
[25, 29, 40, 58, 62]: 0.8482478097622027
[25, 29, 40, 58, 66]: 0.8391739674593242
[25, 29, 40, 60, 62]: 0.8397997496871089
[25, 29, 40, 60, 66]: 0.8394868585732165
[25, 29, 40, 62, 66]: 0.8063204005006258
[25, 29, 48, 52, 56]: 0.8041301627033792
[25, 29, 48, 52, 58]: 0.8529411764705882
[25, 29, 48, 52, 60]: 0.8476220275344181
[25, 29, 48, 52, 62]: 0.815081351689612
[25, 29, 48, 52, 66]: 0.8144555694618273
[25, 29, 48, 56, 58]: 0.8050688360450563
[25, 29, 48, 58, 60]: 0.8504380475594493
[25, 29, 48, 58, 62]: 0.8182102628285357
[25, 29, 48, 58, 66]: 0.8172715894868585
[25, 29, 48, 60, 62]: 0.8128911138923655
[25, 29, 48, 60, 66]: 0.817584480600751
[25, 29, 52, 56, 58]: 0.8385481852315394
[25, 29, 52, 56, 60]: 0.8301001251564456
[25, 29, 52, 56, 62]: 0.8113266583229036
[25, 29, 52, 58, 60]: 0.8789111389236546
[25, 29, 52, 58, 62]: 0.8498122653316645
[25, 29, 52, 58, 66]: 0.8435544430538173
[25, 29, 52, 60, 62]: 0.8413642052565707
[25, 29, 52, 60, 66]: 0.8438673341677096
[25, 29, 52, 62, 66]: 0.8078848560700876
[25, 29, 56, 58, 60]: 0.8310387984981227
[25, 29, 56, 58, 62]: 0.8125782227784731
[25, 29, 56, 60, 62]: 0.8041301627033792
[25, 29, 58, 60, 62]: 0.8444931163954944
[25, 29, 58, 60, 66]: 0.8466833541927409
[25, 29, 58, 62, 66]: 0.8110137672090113
[25, 29, 60, 62, 66]: 0.8110137672090113
[25, 34, 36, 40, 48]: 0.8006883604505632
[25, 34, 36, 40, 52]: 0.8182102628285357
[25, 34, 36, 40, 58]: 0.8204005006257822
[25, 34, 36, 40, 60]: 0.8122653316645807
[25, 34, 36, 48, 52]: 0.8053817271589487
[25, 34, 36, 48, 58]: 0.8075719649561952
[25, 34, 36, 48, 60]: 0.8022528160200251
[25, 34, 36, 52, 58]: 0.8250938673341677
[25, 34, 36, 52, 60]: 0.8166458072590739
[25, 34, 36, 58, 60]: 0.8188360450563203
[25, 34, 40, 48, 52]: 0.8041301627033792
[25, 34, 40, 48, 58]: 0.8063204005006258
[25, 34, 40, 48, 60]: 0.8013141426783479
[25, 34, 40, 52, 58]: 0.8385481852315394
[25, 34, 40, 52, 60]: 0.8304130162703379
[25, 34, 40, 52, 62]: 0.8066332916145181
[25, 34, 40, 58, 60]: 0.8326032540675845
[25, 34, 40, 58, 62]: 0.809136420525657
[25, 34, 40, 58, 66]: 0.8019399249061326
[25, 34, 40, 60, 62]: 0.8006883604505632
[25, 34, 40, 60, 66]: 0.8022528160200251
[25, 34, 48, 52, 58]: 0.8110137672090113
[25, 34, 48, 52, 60]: 0.8056946182728411
[25, 34, 48, 58, 60]: 0.8078848560700876
[25, 34, 52, 56, 58]: 0.8019399249061326
[25, 34, 52, 58, 60]: 0.8369837296620776
[25, 34, 52, 58, 62]: 0.8103879849812266
[25, 34, 52, 58, 66]: 0.8060075093867334
[25, 34, 52, 60, 62]: 0.8019399249061326
[25, 34, 52, 60, 66]: 0.8063204005006258
[25, 34, 58, 60, 62]: 0.8044430538172715
[25, 34, 58, 60, 66]: 0.8085106382978723
[25, 36, 40, 48, 52]: 0.8429286608260326
[25, 36, 40, 48, 58]: 0.8457446808510638
[25, 36, 40, 48, 60]: 0.840738423028786
[25, 36, 40, 48, 62]: 0.8113266583229036
[25, 36, 40, 48, 66]: 0.8066332916145181
[25, 36, 40, 52, 56]: 0.814142678347935
[25, 36, 40, 52, 58]: 0.8626408010012515
[25, 36, 40, 52, 60]: 0.85450563204005
[25, 36, 40, 52, 62]: 0.8282227784730913
[25, 36, 40, 52, 66]: 0.8182102628285357
[25, 36, 40, 56, 58]: 0.815081351689612
[25, 36, 40, 56, 60]: 0.8069461827284106
[25, 36, 40, 58, 60]: 0.8573216520650814
[25, 36, 40, 58, 62]: 0.831351689612015
[25, 36, 40, 58, 66]: 0.8210262828535669
[25, 36, 40, 60, 62]: 0.8229036295369212
[25, 36, 40, 60, 66]: 0.8213391739674594
[25, 36, 48, 52, 56]: 0.8019399249061326
[25, 36, 48, 52, 58]: 0.8507509386733417
[25, 36, 48, 52, 60]: 0.8454317897371715
[25, 36, 48, 52, 62]: 0.8128911138923655
[25, 36, 48, 52, 66]: 0.8110137672090113
[25, 36, 48, 56, 58]: 0.8028785982478097
[25, 36, 48, 58, 60]: 0.8482478097622027
[25, 36, 48, 58, 62]: 0.8160200250312891
[25, 36, 48, 58, 66]: 0.8138297872340425
[25, 36, 48, 60, 62]: 0.8107008760951189
[25, 36, 48, 60, 66]: 0.814142678347935
[25, 36, 52, 56, 58]: 0.8216520650813517
[25, 36, 52, 56, 60]: 0.8132040050062578
[25, 36, 52, 58, 60]: 0.8620150187734669
[25, 36, 52, 58, 62]: 0.8329161451814768
[25, 36, 52, 58, 66]: 0.8254067584480601
[25, 36, 52, 60, 62]: 0.824468085106383
[25, 36, 52, 60, 66]: 0.8257196495619524
[25, 36, 56, 58, 60]: 0.814142678347935
[25, 36, 58, 60, 62]: 0.8275969962453066
[25, 36, 58, 60, 66]: 0.8285356695869838
[25, 40, 48, 52, 56]: 0.8000625782227785
[25, 40, 48, 52, 58]: 0.8485607008760951
[25, 40, 48, 52, 60]: 0.8435544430538173
[25, 40, 48, 52, 62]: 0.814142678347935
[25, 40, 48, 52, 66]: 0.8094493116395495
[25, 40, 48, 56, 58]: 0.8010012515644556
[25, 40, 48, 58, 60]: 0.8463704630788486
[25, 40, 48, 58, 62]: 0.8172715894868585
[25, 40, 48, 58, 66]: 0.8122653316645807
[25, 40, 48, 60, 62]: 0.8119524405506884
[25, 40, 48, 60, 66]: 0.8125782227784731
[25, 40, 52, 56, 58]: 0.8344806007509387
[25, 40, 52, 56, 60]: 0.8263454317897372
[25, 40, 52, 56, 62]: 0.8107008760951189
[25, 40, 52, 58, 60]: 0.8748435544430538
[25, 40, 52, 58, 62]: 0.8488735919899875
[25, 40, 52, 58, 66]: 0.8385481852315394
[25, 40, 52, 60, 62]: 0.8404255319148937
[25, 40, 52, 60, 66]: 0.8388610763454318
[25, 40, 52, 62, 66]: 0.8056946182728411
[25, 40, 56, 58, 60]: 0.8272841051314143
[25, 40, 56, 58, 62]: 0.8119524405506884
[25, 40, 56, 60, 62]: 0.8035043804755945
[25, 40, 58, 60, 62]: 0.8435544430538173
[25, 40, 58, 60, 66]: 0.8416770963704631
[25, 40, 58, 62, 66]: 0.8088235294117647
[25, 40, 60, 62, 66]: 0.8088235294117647
[25, 48, 52, 56, 58]: 0.8075719649561952
[25, 48, 52, 56, 60]: 0.8022528160200251
[25, 48, 52, 58, 60]: 0.851063829787234
[25, 48, 52, 58, 62]: 0.8188360450563203
[25, 48, 52, 58, 66]: 0.8166458072590739
[25, 48, 52, 60, 62]: 0.8135168961201502
[25, 48, 52, 60, 66]: 0.8169586983729662
[25, 48, 56, 58, 60]: 0.8031914893617021
[25, 48, 58, 60, 62]: 0.8166458072590739
[25, 48, 58, 60, 66]: 0.8197747183979975
[25, 52, 56, 58, 60]: 0.8335419274092616
[25, 52, 56, 58, 62]: 0.815081351689612
[25, 52, 56, 60, 62]: 0.8066332916145181
[25, 52, 58, 60, 62]: 0.845118898623279
[25, 52, 58, 60, 66]: 0.8460575719649562
[25, 52, 58, 62, 66]: 0.8103879849812266
[25, 52, 60, 62, 66]: 0.8103879849812266
[25, 56, 58, 60, 62]: 0.8078848560700876
[25, 58, 60, 62, 66]: 0.8135168961201502
[29, 34, 36, 40, 48]: 0.8773466833541927
[29, 34, 36, 40, 52]: 0.9095744680851063
[29, 34, 36, 40, 56]: 0.8635794743429287
[29, 34, 36, 40, 58]: 0.9120775969962454
[29, 34, 36, 40, 60]: 0.8986232790988736
[29, 34, 36, 40, 62]: 0.8760951188986232
[29, 34, 36, 40, 66]: 0.8648310387984981
[29, 34, 36, 48, 52]: 0.8817271589486858
[29, 34, 36, 48, 56]: 0.8357321652065082
[29, 34, 36, 48, 58]: 0.8842302878598248
[29, 34, 36, 48, 60]: 0.876720901126408
[29, 34, 36, 48, 62]: 0.8448060075093867
[29, 34, 36, 48, 66]: 0.8473091364205256
[29, 34, 36, 52, 56]: 0.8692115143929913
[29, 34, 36, 52, 58]: 0.9164580725907384
[29, 34, 36, 52, 60]: 0.9026908635794744
[29, 34, 36, 52, 62]: 0.8770337922403004
[29, 34, 36, 52, 66]: 0.8685857321652065
[29, 34, 36, 56, 58]: 0.8704630788485607
[29, 34, 36, 56, 60]: 0.8566958698372966
[29, 34, 36, 56, 62]: 0.8416770963704631
[29, 34, 36, 56, 66]: 0.8225907384230288
[29, 34, 36, 58, 60]: 0.9051939924906133
[29, 34, 36, 58, 62]: 0.8798498122653317
[29, 34, 36, 58, 66]: 0.8710888610763454
[29, 34, 36, 60, 62]: 0.8660826032540676
[29, 34, 36, 60, 66]: 0.8714017521902377
[29, 34, 36, 62, 66]: 0.8338548185231539
[29, 34, 40, 42, 52]: 0.8069461827284106
[29, 34, 40, 42, 58]: 0.80819774718398
[29, 34, 40, 42, 60]: 0.8010012515644556
[29, 34, 40, 48, 52]: 0.882665832290363
[29, 34, 40, 48, 56]: 0.8366708385481852
[29, 34, 40, 48, 58]: 0.8851689612015019
[29, 34, 40, 48, 60]: 0.8779724655819775
[29, 34, 40, 48, 62]: 0.8491864831038799
[29, 34, 40, 48, 66]: 0.8488735919899875
[29, 34, 40, 52, 56]: 0.8923654568210263
[29, 34, 40, 52, 58]: 0.9396120150187734
[29, 34, 40, 52, 60]: 0.9261576971214017
[29, 34, 40, 52, 62]: 0.9036295369211514
[29, 34, 40, 52, 66]: 0.8923654568210263
[29, 34, 40, 56, 58]: 0.8936170212765957
[29, 34, 40, 56, 60]: 0.880162703379224
[29, 34, 40, 56, 62]: 0.8682728410513142
[29, 34, 40, 56, 66]: 0.8463704630788486
[29, 34, 40, 58, 60]: 0.9286608260325406
[29, 34, 40, 58, 62]: 0.9064455569461827
[29, 34, 40, 58, 66]: 0.8948685857321652
[29, 34, 40, 60, 62]: 0.8926783479349186
[29, 34, 40, 60, 66]: 0.8951814768460575
[29, 34, 40, 62, 66]: 0.860450563204005
[29, 34, 42, 52, 58]: 0.8110137672090113
[29, 34, 42, 52, 60]: 0.8038172715894869
[29, 34, 42, 58, 60]: 0.8050688360450563
[29, 34, 48, 52, 56]: 0.8423028785982478
[29, 34, 48, 52, 58]: 0.889549436795995
[29, 34, 48, 52, 60]: 0.8820400500625782
[29, 34, 48, 52, 62]: 0.850125156445557
[29, 34, 48, 52, 66]: 0.8526282853566959
[29, 34, 48, 56, 58]: 0.8435544430538173
[29, 34, 48, 56, 60]: 0.8360450563204005
[29, 34, 48, 56, 62]: 0.8147684605757196
[29, 34, 48, 56, 66]: 0.8066332916145181
[29, 34, 48, 58, 60]: 0.8845431789737171
[29, 34, 48, 58, 62]: 0.8529411764705882
[29, 34, 48, 58, 66]: 0.8551314142678348
[29, 34, 48, 60, 62]: 0.8454317897371715
[29, 34, 48, 60, 66]: 0.8554443053817271
[29, 34, 48, 62, 66]: 0.8178973717146433
[29, 34, 52, 56, 58]: 0.8992490613266583
[29, 34, 52, 56, 60]: 0.8854818523153942
[29, 34, 52, 56, 62]: 0.8704630788485607
[29, 34, 52, 56, 66]: 0.8513767209011264
[29, 34, 52, 58, 60]: 0.9327284105131415
[29, 34, 52, 58, 62]: 0.9073842302878599
[29, 34, 52, 58, 66]: 0.8986232790988736
[29, 34, 52, 60, 62]: 0.8936170212765957
[29, 34, 52, 60, 66]: 0.898936170212766
[29, 34, 52, 62, 66]: 0.8613892365456821
[29, 34, 56, 58, 60]: 0.8867334167709637
[29, 34, 56, 58, 62]: 0.8720275344180225
[29, 34, 56, 58, 66]: 0.8526282853566959
[29, 34, 56, 60, 62]: 0.8582603254067585
[29, 34, 56, 60, 66]: 0.8529411764705882
[29, 34, 56, 62, 66]: 0.8260325406758448
[29, 34, 58, 60, 62]: 0.896433041301627
[29, 34, 58, 60, 66]: 0.9014392991239049
[29, 34, 58, 62, 66]: 0.8642052565707133
[29, 34, 60, 62, 66]: 0.8642052565707133
[29, 36, 40, 42, 52]: 0.8107008760951189
[29, 36, 40, 42, 58]: 0.8122653316645807
[29, 36, 40, 42, 60]: 0.8050688360450563
[29, 36, 40, 48, 52]: 0.9183354192740926
[29, 36, 40, 48, 56]: 0.867334167709637
[29, 36, 40, 48, 58]: 0.9214643304130162
[29, 36, 40, 48, 60]: 0.9142678347934918
[29, 36, 40, 48, 62]: 0.882665832290363
[29, 36, 40, 48, 66]: 0.8807884856070087
[29, 36, 40, 52, 56]: 0.9008135168961201
[29, 36, 40, 52, 58]: 0.9530663329161452
[29, 36, 40, 52, 60]: 0.9396120150187734
[29, 36, 40, 52, 62]: 0.9142678347934918
[29, 36, 40, 52, 66]: 0.9014392991239049
[29, 36, 40, 56, 58]: 0.9020650813516896
[29, 36, 40, 56, 60]: 0.8886107634543179
[29, 36, 40, 56, 62]: 0.8751564455569462
[29, 36, 40, 56, 66]: 0.8504380475594493
[29, 36, 40, 58, 60]: 0.9427409261576971
[29, 36, 40, 58, 62]: 0.9177096370463079
[29, 36, 40, 58, 66]: 0.9045682102628285
[29, 36, 40, 60, 62]: 0.9039424280350438
[29, 36, 40, 60, 66]: 0.904881101376721
[29, 36, 40, 62, 66]: 0.867334167709637
[29, 36, 42, 52, 58]: 0.8157071339173968
[29, 36, 42, 52, 60]: 0.8085106382978723
[29, 36, 42, 58, 60]: 0.8100750938673341
[29, 36, 48, 52, 56]: 0.8735919899874843
[29, 36, 48, 52, 58]: 0.9261576971214017
[29, 36, 48, 52, 60]: 0.918648310387985
[29, 36, 48, 52, 62]: 0.8839173967459324
[29, 36, 48, 52, 66]: 0.8848560700876095
[29, 36, 48, 56, 58]: 0.8748435544430538
[29, 36, 48, 56, 60]: 0.867334167709637
[29, 36, 48, 56, 62]: 0.8444931163954944
[29, 36, 48, 56, 66]: 0.8335419274092616
[29, 36, 48, 58, 60]: 0.9217772215269087
[29, 36, 48, 58, 62]: 0.8873591989987485
[29, 36, 48, 58, 66]: 0.8879849812265331
[29, 36, 48, 60, 62]: 0.8798498122653317
[29, 36, 48, 60, 66]: 0.8882978723404256
[29, 36, 48, 62, 66]: 0.8479349186483104
[29, 36, 52, 56, 58]: 0.9083229036295369
[29, 36, 52, 56, 60]: 0.8945556946182729
[29, 36, 52, 56, 62]: 0.8779724655819775
[29, 36, 52, 56, 66]: 0.8560700876095119
[29, 36, 52, 58, 60]: 0.9471214017521903
[29, 36, 52, 58, 62]: 0.9189612015018773
[29, 36, 52, 58, 66]: 0.9086357947434293
[29, 36, 52, 60, 62]: 0.9051939924906133
[29, 36, 52, 60, 66]: 0.9089486858573217
[29, 36, 52, 62, 66]: 0.8685857321652065
[29, 36, 56, 58, 60]: 0.8958072590738423
[29, 36, 56, 58, 62]: 0.8795369211514393
[29, 36, 56, 58, 66]: 0.8573216520650814
[29, 36, 56, 60, 62]: 0.8657697121401752
[29, 36, 56, 60, 66]: 0.8576345431789737
[29, 36, 56, 62, 66]: 0.8291614518147684
[29, 36, 58, 60, 62]: 0.9086357947434293
[29, 36, 58, 60, 66]: 0.9120775969962454
[29, 36, 58, 62, 66]: 0.8720275344180225
[29, 36, 60, 62, 66]: 0.8720275344180225
[29, 40, 42, 52, 58]: 0.8379224030037546
[29, 40, 42, 52, 60]: 0.8307259073842302
[29, 40, 42, 52, 62]: 0.8041301627033792
[29, 40, 42, 52, 66]: 0.8078848560700876
[29, 40, 42, 58, 60]: 0.8322903629536921
[29, 40, 42, 58, 62]: 0.8060075093867334
[29, 40, 42, 58, 66]: 0.8094493116395495
[29, 40, 42, 60, 66]: 0.8097622027534418
[29, 40, 44, 52, 58]: 0.8006883604505632
[29, 40, 48, 52, 56]: 0.8739048811013768
[29, 40, 48, 52, 58]: 0.9261576971214017
[29, 40, 48, 52, 60]: 0.9189612015018773
[29, 40, 48, 52, 62]: 0.8873591989987485
[29, 40, 48, 52, 66]: 0.8854818523153942
[29, 40, 48, 56, 58]: 0.8751564455569462
[29, 40, 48, 56, 60]: 0.8679599499374218
[29, 40, 48, 56, 62]: 0.8482478097622027
[29, 40, 48, 56, 66]: 0.8344806007509387
[29, 40, 48, 58, 60]: 0.922090112640801
[29, 40, 48, 58, 62]: 0.8908010012515645
[29, 40, 48, 58, 66]: 0.8886107634543179
[29, 40, 48, 60, 62]: 0.8832916145181476
[29, 40, 48, 60, 66]: 0.8889236545682102
[29, 40, 48, 62, 66]: 0.8513767209011264
[29, 40, 52, 56, 58]: 0.9308510638297872
[29, 40, 52, 56, 60]: 0.9173967459324155
[29, 40, 52, 56, 62]: 0.9039424280350438
[29, 40, 52, 56, 66]: 0.8792240300375469
[29, 40, 52, 58, 60]: 0.9696495619524406
[29, 40, 52, 58, 62]: 0.9446182728410513
[29, 40, 52, 58, 64]: 0.817584480600751
[29, 40, 52, 58, 66]: 0.931476846057572
[29, 40, 52, 60, 62]: 0.9308510638297872
[29, 40, 52, 60, 64]: 0.8041301627033792
[29, 40, 52, 60, 66]: 0.9317897371714643
[29, 40, 52, 62, 66]: 0.8942428035043805
[29, 40, 56, 58, 60]: 0.918648310387985
[29, 40, 56, 58, 62]: 0.9055068836045056
[29, 40, 56, 58, 66]: 0.8804755944931164
[29, 40, 56, 60, 62]: 0.8917396745932415
[29, 40, 56, 60, 66]: 0.8807884856070087
[29, 40, 56, 62, 66]: 0.8551314142678348
[29, 40, 58, 60, 62]: 0.9342928660826032
[29, 40, 58, 60, 64]: 0.8041301627033792
[29, 40, 58, 60, 66]: 0.934918648310388
[29, 40, 58, 62, 66]: 0.8976846057571964
[29, 40, 60, 62, 66]: 0.8976846057571964
[29, 42, 52, 58, 60]: 0.8357321652065082
[29, 42, 52, 58, 62]: 0.8072590738423029
[29, 42, 52, 58, 66]: 0.8125782227784731
[29, 42, 52, 60, 66]: 0.8128911138923655
[29, 42, 58, 60, 62]: 0.8016270337922403
[29, 42, 58, 60, 66]: 0.8144555694618273
[29, 48, 52, 56, 58]: 0.8814142678347935
[29, 48, 52, 56, 60]: 0.8739048811013768
[29, 48, 52, 56, 62]: 0.851063829787234
[29, 48, 52, 56, 66]: 0.8401126408010012
[29, 48, 52, 58, 60]: 0.9264705882352942
[29, 48, 52, 58, 62]: 0.8920525657071339
[29, 48, 52, 58, 66]: 0.8926783479349186
[29, 48, 52, 60, 62]: 0.8845431789737171
[29, 48, 52, 60, 66]: 0.8929912390488111
[29, 48, 52, 62, 66]: 0.8526282853566959
[29, 48, 56, 58, 60]: 0.8751564455569462
[29, 48, 56, 58, 62]: 0.8526282853566959
[29, 48, 56, 58, 66]: 0.8413642052565707
[29, 48, 56, 60, 62]: 0.845118898623279
[29, 48, 56, 60, 66]: 0.8416770963704631
[29, 48, 56, 62, 66]: 0.8132040050062578
[29, 48, 58, 60, 62]: 0.8879849812265331
[29, 48, 58, 60, 66]: 0.8961201501877347
[29, 48, 58, 62, 66]: 0.8560700876095119
[29, 48, 60, 62, 66]: 0.8560700876095119
[29, 52, 56, 58, 60]: 0.9245932415519399
[29, 52, 56, 58, 62]: 0.9083229036295369
[29, 52, 56, 58, 66]: 0.886107634543179
[29, 52, 56, 60, 62]: 0.8945556946182729
[29, 52, 56, 60, 66]: 0.8864205256570713
[29, 52, 56, 62, 66]: 0.8579474342928661
[29, 52, 58, 60, 62]: 0.9355444305381727
[29, 52, 58, 60, 64]: 0.8038172715894869
[29, 52, 58, 60, 66]: 0.9389862327909887
[29, 52, 58, 62, 66]: 0.898936170212766
[29, 52, 60, 62, 66]: 0.898936170212766
[29, 56, 58, 60, 62]: 0.8961201501877347
[29, 56, 58, 60, 66]: 0.8876720901126408
[29, 56, 58, 62, 66]: 0.859511889862328
[29, 56, 60, 62, 66]: 0.859511889862328
[29, 58, 60, 62, 66]: 0.9023779724655819
[34, 36, 40, 48, 52]: 0.8757822277847309
[34, 36, 40, 48, 56]: 0.8297872340425532
[34, 36, 40, 48, 58]: 0.8782853566958698
[34, 36, 40, 48, 60]: 0.8710888610763454
[34, 36, 40, 48, 62]: 0.8423028785982478
[34, 36, 40, 48, 66]: 0.8419899874843555
[34, 36, 40, 52, 56]: 0.8632665832290363
[34, 36, 40, 52, 58]: 0.9105131414267835
[34, 36, 40, 52, 60]: 0.8970588235294118
[34, 36, 40, 52, 62]: 0.8745306633291614
[34, 36, 40, 52, 66]: 0.8632665832290363
[34, 36, 40, 56, 58]: 0.8645181476846058
[34, 36, 40, 56, 60]: 0.851063829787234
[34, 36, 40, 56, 62]: 0.8391739674593242
[34, 36, 40, 56, 66]: 0.8172715894868585
[34, 36, 40, 58, 60]: 0.8995619524405507
[34, 36, 40, 58, 62]: 0.8773466833541927
[34, 36, 40, 58, 66]: 0.8657697121401752
[34, 36, 40, 60, 62]: 0.8635794743429287
[34, 36, 40, 60, 66]: 0.8660826032540676
[34, 36, 40, 62, 66]: 0.831351689612015
[34, 36, 48, 52, 56]: 0.8354192740926157
[34, 36, 48, 52, 58]: 0.882665832290363
[34, 36, 48, 52, 60]: 0.8751564455569462
[34, 36, 48, 52, 62]: 0.8432415519399249
[34, 36, 48, 52, 66]: 0.8457446808510638
[34, 36, 48, 56, 58]: 0.8366708385481852
[34, 36, 48, 56, 60]: 0.8291614518147684
[34, 36, 48, 56, 62]: 0.8078848560700876
[34, 36, 48, 58, 60]: 0.8776595744680851
[34, 36, 48, 58, 62]: 0.8460575719649562
[34, 36, 48, 58, 66]: 0.8482478097622027
[34, 36, 48, 60, 62]: 0.8385481852315394
[34, 36, 48, 60, 66]: 0.8485607008760951
[34, 36, 48, 62, 66]: 0.8110137672090113
[34, 36, 52, 56, 58]: 0.8701501877346683
[34, 36, 52, 56, 60]: 0.8563829787234043
[34, 36, 52, 56, 62]: 0.8413642052565707
[34, 36, 52, 56, 66]: 0.8222778473091364
[34, 36, 52, 58, 60]: 0.9036295369211514
[34, 36, 52, 58, 62]: 0.8782853566958698
[34, 36, 52, 58, 66]: 0.8695244055068836
[34, 36, 52, 60, 62]: 0.8645181476846058
[34, 36, 52, 60, 66]: 0.869837296620776
[34, 36, 52, 62, 66]: 0.8322903629536921
[34, 36, 56, 58, 60]: 0.8576345431789737
[34, 36, 56, 58, 62]: 0.8429286608260326
[34, 36, 56, 58, 66]: 0.8235294117647058
[34, 36, 56, 60, 62]: 0.8291614518147684
[34, 36, 56, 60, 66]: 0.8238423028785983
[34, 36, 58, 60, 62]: 0.867334167709637
[34, 36, 58, 60, 66]: 0.8723404255319149
[34, 36, 58, 62, 66]: 0.8351063829787234
[34, 36, 60, 62, 66]: 0.8351063829787234
[34, 40, 42, 52, 58]: 0.8078848560700876
[34, 40, 42, 52, 60]: 0.8006883604505632
[34, 40, 42, 58, 60]: 0.8019399249061326
[34, 40, 48, 52, 56]: 0.8363579474342928
[34, 40, 48, 52, 58]: 0.8836045056320401
[34, 40, 48, 52, 60]: 0.8764080100125157
[34, 40, 48, 52, 62]: 0.8476220275344181
[34, 40, 48, 52, 66]: 0.8473091364205256
[34, 40, 48, 56, 58]: 0.8376095118898623
[34, 40, 48, 56, 60]: 0.8304130162703379
[34, 40, 48, 56, 62]: 0.8122653316645807
[34, 40, 48, 56, 66]: 0.8013141426783479
[34, 40, 48, 58, 60]: 0.8789111389236546
[34, 40, 48, 58, 62]: 0.8504380475594493
[34, 40, 48, 58, 66]: 0.8498122653316645
[34, 40, 48, 60, 62]: 0.8429286608260326
[34, 40, 48, 60, 66]: 0.850125156445557
[34, 40, 48, 62, 66]: 0.8153942428035044
[34, 40, 52, 56, 58]: 0.8933041301627034
[34, 40, 52, 56, 60]: 0.8798498122653317
[34, 40, 52, 56, 62]: 0.8679599499374218
[34, 40, 52, 56, 66]: 0.8460575719649562
[34, 40, 52, 58, 60]: 0.9270963704630788
[34, 40, 52, 58, 62]: 0.904881101376721
[34, 40, 52, 58, 66]: 0.8933041301627034
[34, 40, 52, 60, 62]: 0.8911138923654568
[34, 40, 52, 60, 66]: 0.8936170212765957
[34, 40, 52, 62, 66]: 0.8588861076345432
[34, 40, 56, 58, 60]: 0.8811013767209012
[34, 40, 56, 58, 62]: 0.8695244055068836
[34, 40, 56, 58, 66]: 0.8473091364205256
[34, 40, 56, 60, 62]: 0.8557571964956195
[34, 40, 56, 60, 66]: 0.8476220275344181
[34, 40, 56, 62, 66]: 0.8235294117647058
[34, 40, 58, 60, 62]: 0.8939299123904881
[34, 40, 58, 60, 66]: 0.8961201501877347
[34, 40, 58, 62, 66]: 0.8617021276595744
[34, 40, 60, 62, 66]: 0.8617021276595744
[34, 42, 52, 58, 60]: 0.804755944931164
[34, 48, 52, 56, 58]: 0.8432415519399249
[34, 48, 52, 56, 60]: 0.8357321652065082
[34, 48, 52, 56, 62]: 0.8144555694618273
[34, 48, 52, 56, 66]: 0.8063204005006258
[34, 48, 52, 58, 60]: 0.8829787234042553
[34, 48, 52, 58, 62]: 0.8513767209011264
[34, 48, 52, 58, 66]: 0.853566958698373
[34, 48, 52, 60, 62]: 0.8438673341677096
[34, 48, 52, 60, 66]: 0.8538798498122653
[34, 48, 52, 62, 66]: 0.8163329161451814
[34, 48, 56, 58, 60]: 0.8369837296620776
[34, 48, 56, 58, 62]: 0.8160200250312891
[34, 48, 56, 58, 66]: 0.8075719649561952
[34, 48, 56, 60, 62]: 0.8085106382978723
[34, 48, 56, 60, 66]: 0.8078848560700876
[34, 48, 58, 60, 62]: 0.8466833541927409
[34, 48, 58, 60, 66]: 0.8563829787234043
[34, 48, 58, 62, 66]: 0.8191489361702128
[34, 48, 60, 62, 66]: 0.8191489361702128
[34, 52, 56, 58, 60]: 0.8864205256570713
[34, 52, 56, 58, 62]: 0.8717146433041302
[34, 52, 56, 58, 66]: 0.8523153942428036
[34, 52, 56, 60, 62]: 0.8579474342928661
[34, 52, 56, 60, 66]: 0.8526282853566959
[34, 52, 56, 62, 66]: 0.8257196495619524
[34, 52, 58, 60, 62]: 0.8948685857321652
[34, 52, 58, 60, 66]: 0.899874843554443
[34, 52, 58, 62, 66]: 0.8626408010012515
[34, 52, 60, 62, 66]: 0.8626408010012515
[34, 56, 58, 60, 62]: 0.859511889862328
[34, 56, 58, 60, 66]: 0.8538798498122653
[34, 56, 58, 62, 66]: 0.8272841051314143
[34, 56, 60, 62, 66]: 0.8272841051314143
[34, 58, 60, 62, 66]: 0.8654568210262829
[36, 40, 42, 52, 58]: 0.814142678347935
[36, 40, 42, 52, 60]: 0.8063204005006258
[36, 40, 42, 58, 60]: 0.8078848560700876
[36, 40, 48, 52, 56]: 0.8704630788485607
[36, 40, 48, 52, 58]: 0.9227158948685857
[36, 40, 48, 52, 60]: 0.9148936170212766
[36, 40, 48, 52, 62]: 0.8839173967459324
[36, 40, 48, 52, 66]: 0.8798498122653317
[36, 40, 48, 56, 58]: 0.8717146433041302
[36, 40, 48, 56, 60]: 0.863892365456821
[36, 40, 48, 56, 62]: 0.8448060075093867
[36, 40, 48, 56, 66]: 0.8288485607008761
[36, 40, 48, 58, 60]: 0.9180225281602002
[36, 40, 48, 58, 62]: 0.8873591989987485
[36, 40, 48, 58, 66]: 0.8829787234042553
[36, 40, 48, 60, 62]: 0.8792240300375469
[36, 40, 48, 60, 66]: 0.8832916145181476
[36, 40, 48, 62, 66]: 0.8457446808510638
[36, 40, 52, 56, 58]: 0.9051939924906133
[36, 40, 52, 56, 60]: 0.8911138923654568
[36, 40, 52, 56, 62]: 0.8782853566958698
[36, 40, 52, 56, 66]: 0.8513767209011264
[36, 40, 52, 58, 60]: 0.9433667083854819
[36, 40, 52, 58, 62]: 0.9189612015018773
[36, 40, 52, 58, 66]: 0.9036295369211514
[36, 40, 52, 60, 62]: 0.9045682102628285
[36, 40, 52, 60, 66]: 0.9039424280350438
[36, 40, 52, 62, 66]: 0.8663954943679599
[36, 40, 56, 58, 60]: 0.8923654568210263
[36, 40, 56, 58, 62]: 0.8798498122653317
[36, 40, 56, 58, 66]: 0.8526282853566959
[36, 40, 56, 60, 62]: 0.8654568210262829
[36, 40, 56, 60, 66]: 0.8529411764705882
[36, 40, 56, 62, 66]: 0.8272841051314143
[36, 40, 58, 60, 62]: 0.9080100125156445
[36, 40, 58, 60, 66]: 0.9070713391739674
[36, 40, 58, 62, 66]: 0.869837296620776
[36, 40, 60, 62, 66]: 0.869837296620776
[36, 42, 52, 58, 60]: 0.8113266583229036
[36, 48, 52, 56, 58]: 0.8779724655819775
[36, 48, 52, 56, 60]: 0.869837296620776
[36, 48, 52, 56, 62]: 0.8476220275344181
[36, 48, 52, 56, 66]: 0.8344806007509387
[36, 48, 52, 58, 60]: 0.9224030037546934
[36, 48, 52, 58, 62]: 0.8886107634543179
[36, 48, 52, 58, 66]: 0.8870463078848561
[36, 48, 52, 60, 62]: 0.8804755944931164
[36, 48, 52, 60, 66]: 0.8873591989987485
[36, 48, 52, 62, 66]: 0.8469962453066333
[36, 48, 56, 58, 60]: 0.8710888610763454
[36, 48, 56, 58, 62]: 0.8491864831038799
[36, 48, 56, 58, 66]: 0.8357321652065082
[36, 48, 56, 60, 62]: 0.8410513141426783
[36, 48, 56, 60, 66]: 0.8360450563204005
[36, 48, 56, 62, 66]: 0.8075719649561952
[36, 48, 58, 60, 62]: 0.8839173967459324
[36, 48, 58, 60, 66]: 0.890488110137672
[36, 48, 58, 62, 66]: 0.8504380475594493
[36, 48, 60, 62, 66]: 0.8504380475594493
[36, 52, 56, 58, 60]: 0.8983103879849812
[36, 52, 56, 58, 62]: 0.882665832290363
[36, 52, 56, 58, 66]: 0.8582603254067585
[36, 52, 56, 60, 62]: 0.8682728410513142
[36, 52, 56, 60, 66]: 0.8585732165206508
[36, 52, 56, 62, 66]: 0.8301001251564456
[36, 52, 58, 60, 62]: 0.909261576971214
[36, 52, 58, 60, 66]: 0.9111389236545682
[36, 52, 58, 62, 66]: 0.8710888610763454
[36, 52, 60, 62, 66]: 0.8710888610763454
[36, 56, 58, 60, 62]: 0.869837296620776
[36, 56, 58, 60, 66]: 0.8598247809762203
[36, 56, 58, 62, 66]: 0.8316645807259074
[36, 56, 60, 62, 66]: 0.8316645807259074
[36, 58, 60, 62, 66]: 0.8745306633291614
[40, 42, 52, 58, 60]: 0.8335419274092616
[40, 42, 52, 58, 62]: 0.8078848560700876
[40, 42, 52, 58, 66]: 0.8100750938673341
[40, 42, 52, 60, 66]: 0.8103879849812266
[40, 42, 58, 60, 62]: 0.8016270337922403
[40, 42, 58, 60, 66]: 0.8119524405506884
[40, 48, 52, 56, 58]: 0.8782853566958698
[40, 48, 52, 56, 60]: 0.8704630788485607
[40, 48, 52, 56, 62]: 0.8513767209011264
[40, 48, 52, 56, 66]: 0.8354192740926157
[40, 48, 52, 58, 60]: 0.9227158948685857
[40, 48, 52, 58, 62]: 0.8920525657071339
[40, 48, 52, 58, 66]: 0.8876720901126408
[40, 48, 52, 60, 62]: 0.8839173967459324
[40, 48, 52, 60, 66]: 0.8879849812265331
[40, 48, 52, 62, 66]: 0.8504380475594493
[40, 48, 56, 58, 60]: 0.8717146433041302
[40, 48, 56, 58, 62]: 0.8529411764705882
[40, 48, 56, 58, 66]: 0.8366708385481852
[40, 48, 56, 60, 62]: 0.8448060075093867
[40, 48, 56, 60, 66]: 0.8369837296620776
[40, 48, 56, 62, 66]: 0.8113266583229036
[40, 48, 58, 60, 62]: 0.8873591989987485
[40, 48, 58, 60, 66]: 0.8911138923654568
[40, 48, 58, 62, 66]: 0.8538798498122653
[40, 48, 60, 62, 66]: 0.8538798498122653
[40, 52, 56, 58, 60]: 0.9211514392991239
[40, 52, 56, 58, 62]: 0.9086357947434293
[40, 52, 56, 58, 66]: 0.8814142678347935
[40, 52, 56, 60, 62]: 0.8942428035043805
[40, 52, 56, 60, 66]: 0.8817271589486858
[40, 52, 56, 62, 66]: 0.8560700876095119
[40, 52, 58, 60, 62]: 0.934918648310388
[40, 52, 58, 60, 64]: 0.8078848560700876
[40, 52, 58, 60, 66]: 0.9339799749687109
[40, 52, 58, 62, 66]: 0.8967459324155194
[40, 52, 60, 62, 66]: 0.8967459324155194
[40, 56, 58, 60, 62]: 0.8958072590738423
[40, 56, 58, 60, 66]: 0.8829787234042553
[40, 56, 58, 62, 66]: 0.8576345431789737
[40, 56, 60, 62, 66]: 0.8576345431789737
[40, 58, 60, 62, 66]: 0.9001877346683355
[42, 52, 58, 60, 62]: 0.8028785982478097
[42, 52, 58, 60, 66]: 0.815081351689612
[48, 52, 56, 58, 60]: 0.8776595744680851
[48, 52, 56, 58, 62]: 0.8557571964956195
[48, 52, 56, 58, 66]: 0.8423028785982478
[48, 52, 56, 60, 62]: 0.8476220275344181
[48, 52, 56, 60, 66]: 0.8426157697121401
[48, 52, 56, 62, 66]: 0.814142678347935
[48, 52, 58, 60, 62]: 0.8886107634543179
[48, 52, 58, 60, 66]: 0.8951814768460575
[48, 52, 58, 62, 66]: 0.8551314142678348
[48, 52, 60, 62, 66]: 0.8551314142678348
[48, 56, 58, 60, 62]: 0.8491864831038799
[48, 56, 58, 60, 66]: 0.8438673341677096
[48, 56, 58, 62, 66]: 0.8157071339173968
[48, 56, 60, 62, 66]: 0.8157071339173968
[48, 58, 60, 62, 66]: 0.8585732165206508
[52, 56, 58, 60, 62]: 0.8986232790988736
[52, 56, 58, 60, 66]: 0.8886107634543179
[52, 56, 58, 62, 66]: 0.860450563204005
[52, 56, 60, 62, 66]: 0.860450563204005
[52, 58, 60, 62, 66]: 0.9014392991239049
[56, 58, 60, 62, 66]: 0.8620150187734669
