[3, 5, 29, 40, 52, 58, 60]: 0.8060075093867334
[3, 7, 29, 34, 40, 52, 58]: 0.814142678347935
[3, 7, 29, 34, 40, 52, 60]: 0.8038172715894869
[3, 7, 29, 34, 40, 58, 60]: 0.8060075093867334
[3, 7, 29, 34, 52, 58, 60]: 0.8107008760951189
[3, 7, 29, 36, 40, 52, 58]: 0.8250938673341677
[3, 7, 29, 36, 40, 52, 60]: 0.8147684605757196
[3, 7, 29, 36, 40, 58, 60]: 0.817584480600751
[3, 7, 29, 36, 48, 52, 58]: 0.8019399249061326
[3, 7, 29, 36, 52, 58, 60]: 0.8225907384230288
[3, 7, 29, 40, 48, 52, 58]: 0.8019399249061326
[3, 7, 29, 40, 52, 56, 58]: 0.8138297872340425
[3, 7, 29, 40, 52, 56, 60]: 0.8035043804755945
[3, 7, 29, 40, 52, 58, 60]: 0.8438673341677096
[3, 7, 29, 40, 52, 58, 62]: 0.8216520650813517
[3, 7, 29, 40, 52, 58, 66]: 0.8125782227784731
[3, 7, 29, 40, 52, 60, 62]: 0.8113266583229036
[3, 7, 29, 40, 52, 60, 66]: 0.8125782227784731
[3, 7, 29, 40, 56, 58, 60]: 0.804755944931164
[3, 7, 29, 40, 58, 60, 62]: 0.814142678347935
[3, 7, 29, 40, 58, 60, 66]: 0.8153942428035044
[3, 7, 29, 48, 52, 58, 60]: 0.8031914893617021
[3, 7, 29, 52, 56, 58, 60]: 0.8110137672090113
[3, 7, 29, 52, 58, 60, 62]: 0.8160200250312891
[3, 7, 29, 52, 58, 60, 66]: 0.8200876095118899
[3, 7, 34, 40, 52, 58, 60]: 0.8038172715894869
[3, 7, 36, 40, 52, 58, 60]: 0.8147684605757196
[3, 7, 40, 52, 56, 58, 60]: 0.8035043804755945
[3, 7, 40, 52, 58, 60, 62]: 0.8113266583229036
[3, 7, 40, 52, 58, 60, 66]: 0.8125782227784731
[3, 29, 34, 36, 40, 52, 58]: 0.80819774718398
[3, 29, 34, 36, 40, 58, 60]: 0.8000625782227785
[3, 29, 34, 36, 52, 58, 60]: 0.804755944931164
[3, 29, 34, 40, 52, 56, 58]: 0.8013141426783479
[3, 29, 34, 40, 52, 58, 60]: 0.8269712140175219
[3, 29, 34, 40, 52, 58, 62]: 0.8075719649561952
[3, 29, 34, 40, 58, 60, 66]: 0.8019399249061326
[3, 29, 34, 52, 58, 60, 62]: 0.8010012515644556
[3, 29, 34, 52, 58, 60, 66]: 0.8063204005006258
[3, 29, 36, 40, 48, 52, 58]: 0.8169586983729662
[3, 29, 36, 40, 48, 52, 60]: 0.8103879849812266
[3, 29, 36, 40, 48, 58, 60]: 0.8132040050062578
[3, 29, 36, 40, 52, 56, 58]: 0.8078848560700876
[3, 29, 36, 40, 52, 58, 60]: 0.8379224030037546
[3, 29, 36, 40, 52, 58, 62]: 0.8157071339173968
[3, 29, 36, 40, 52, 58, 66]: 0.8063204005006258
[3, 29, 36, 40, 52, 60, 62]: 0.8053817271589487
[3, 29, 36, 40, 52, 60, 66]: 0.8063204005006258
[3, 29, 36, 40, 58, 60, 62]: 0.80819774718398
[3, 29, 36, 40, 58, 60, 66]: 0.809136420525657
[3, 29, 36, 48, 52, 58, 60]: 0.8182102628285357
[3, 29, 36, 52, 56, 58, 60]: 0.8050688360450563
[3, 29, 36, 52, 58, 60, 62]: 0.8100750938673341
[3, 29, 36, 52, 58, 60, 66]: 0.8138297872340425
[3, 29, 40, 48, 52, 58, 60]: 0.818523153942428
[3, 29, 40, 52, 56, 58, 60]: 0.8266583229036295
[3, 29, 40, 52, 56, 58, 62]: 0.8163329161451814
[3, 29, 40, 52, 56, 60, 62]: 0.8060075093867334
[3, 29, 40, 52, 58, 60, 62]: 0.8344806007509387
[3, 29, 40, 52, 58, 60, 66]: 0.8354192740926157
[3, 29, 40, 52, 58, 62, 66]: 0.8031914893617021
[3, 29, 40, 52, 60, 62, 66]: 0.8031914893617021
[3, 29, 40, 56, 58, 60, 62]: 0.8072590738423029
[3, 29, 40, 58, 60, 62, 66]: 0.8060075093867334
[3, 29, 52, 56, 58, 60, 62]: 0.8103879849812266
[3, 29, 52, 56, 58, 60, 66]: 0.8022528160200251
[3, 29, 52, 58, 60, 62, 66]: 0.8078848560700876
[3, 36, 40, 48, 52, 58, 60]: 0.8103879849812266
[3, 36, 40, 52, 58, 60, 62]: 0.8053817271589487
[3, 36, 40, 52, 58, 60, 66]: 0.8063204005006258
[3, 40, 52, 56, 58, 60, 62]: 0.8060075093867334
[3, 40, 52, 58, 60, 62, 66]: 0.8031914893617021
[5, 7, 29, 34, 36, 40, 52]: 0.8310387984981227
[5, 7, 29, 34, 36, 40, 58]: 0.8335419274092616
[5, 7, 29, 34, 36, 40, 60]: 0.8200876095118899
[5, 7, 29, 34, 36, 40, 62]: 0.8016270337922403
[5, 7, 29, 34, 36, 48, 52]: 0.8019399249061326
[5, 7, 29, 34, 36, 48, 58]: 0.8044430538172715
[5, 7, 29, 34, 36, 52, 58]: 0.8366708385481852
[5, 7, 29, 34, 36, 52, 60]: 0.8229036295369212
[5, 7, 29, 34, 36, 52, 62]: 0.8022528160200251
[5, 7, 29, 34, 36, 58, 60]: 0.8254067584480601
[5, 7, 29, 34, 36, 58, 62]: 0.8050688360450563
[5, 7, 29, 34, 40, 48, 52]: 0.8041301627033792
[5, 7, 29, 34, 40, 48, 58]: 0.8066332916145181
[5, 7, 29, 34, 40, 52, 56]: 0.8197747183979975
[5, 7, 29, 34, 40, 52, 58]: 0.8610763454317898
[5, 7, 29, 34, 40, 52, 60]: 0.8476220275344181
[5, 7, 29, 34, 40, 52, 62]: 0.8291614518147684
[5, 7, 29, 34, 40, 52, 66]: 0.8194618272841051
[5, 7, 29, 34, 40, 56, 58]: 0.8210262828535669
[5, 7, 29, 34, 40, 56, 60]: 0.8075719649561952
[5, 7, 29, 34, 40, 58, 60]: 0.850125156445557
[5, 7, 29, 34, 40, 58, 62]: 0.8319774718397998
[5, 7, 29, 34, 40, 58, 66]: 0.821964956195244
[5, 7, 29, 34, 40, 60, 62]: 0.8182102628285357
[5, 7, 29, 34, 40, 60, 66]: 0.8222778473091364
[5, 7, 29, 34, 48, 52, 58]: 0.8097622027534418
[5, 7, 29, 34, 48, 52, 60]: 0.8022528160200251
[5, 7, 29, 34, 48, 58, 60]: 0.804755944931164
[5, 7, 29, 34, 52, 56, 58]: 0.8254067584480601
[5, 7, 29, 34, 52, 56, 60]: 0.811639549436796
[5, 7, 29, 34, 52, 56, 62]: 0.8006883604505632
[5, 7, 29, 34, 52, 58, 60]: 0.8529411764705882
[5, 7, 29, 34, 52, 58, 62]: 0.8326032540675845
[5, 7, 29, 34, 52, 58, 66]: 0.8247809762202754
[5, 7, 29, 34, 52, 60, 62]: 0.8188360450563203
[5, 7, 29, 34, 52, 60, 66]: 0.8250938673341677
[5, 7, 29, 34, 56, 58, 60]: 0.8128911138923655
[5, 7, 29, 34, 56, 58, 62]: 0.8022528160200251
[5, 7, 29, 34, 58, 60, 62]: 0.8216520650813517
[5, 7, 29, 34, 58, 60, 66]: 0.8275969962453066
[5, 7, 29, 36, 40, 48, 52]: 0.8182102628285357
[5, 7, 29, 36, 40, 48, 58]: 0.8213391739674594
[5, 7, 29, 36, 40, 48, 60]: 0.814142678347935
[5, 7, 29, 36, 40, 52, 56]: 0.8085106382978723
[5, 7, 29, 36, 40, 52, 58]: 0.8529411764705882
[5, 7, 29, 36, 40, 52, 60]: 0.8394868585732165
[5, 7, 29, 36, 40, 52, 62]: 0.8207133917396746
[5, 7, 29, 36, 40, 52, 66]: 0.8113266583229036
[5, 7, 29, 36, 40, 56, 58]: 0.8097622027534418
[5, 7, 29, 36, 40, 58, 60]: 0.8426157697121401
[5, 7, 29, 36, 40, 58, 62]: 0.8241551939924906
[5, 7, 29, 36, 40, 58, 66]: 0.8144555694618273
[5, 7, 29, 36, 40, 60, 62]: 0.8103879849812266
[5, 7, 29, 36, 40, 60, 66]: 0.8147684605757196
[5, 7, 29, 36, 48, 52, 58]: 0.824468085106383
[5, 7, 29, 36, 48, 52, 60]: 0.8169586983729662
[5, 7, 29, 36, 48, 58, 60]: 0.8200876095118899
[5, 7, 29, 36, 52, 56, 58]: 0.8144555694618273
[5, 7, 29, 36, 52, 56, 60]: 0.8006883604505632
[5, 7, 29, 36, 52, 58, 60]: 0.8454317897371715
[5, 7, 29, 36, 52, 58, 62]: 0.8247809762202754
[5, 7, 29, 36, 52, 58, 66]: 0.8172715894868585
[5, 7, 29, 36, 52, 60, 62]: 0.8110137672090113
[5, 7, 29, 36, 52, 60, 66]: 0.817584480600751
[5, 7, 29, 36, 56, 58, 60]: 0.8019399249061326
[5, 7, 29, 36, 58, 60, 62]: 0.8144555694618273
[5, 7, 29, 36, 58, 60, 66]: 0.8207133917396746
[5, 7, 29, 40, 48, 52, 58]: 0.8260325406758448
[5, 7, 29, 40, 48, 52, 60]: 0.8188360450563203
[5, 7, 29, 40, 48, 58, 60]: 0.821964956195244
[5, 7, 29, 40, 52, 56, 58]: 0.8385481852315394
[5, 7, 29, 40, 52, 56, 60]: 0.8250938673341677
[5, 7, 29, 40, 52, 56, 62]: 0.8160200250312891
[5, 7, 29, 40, 52, 58, 60]: 0.8695244055068836
[5, 7, 29, 40, 52, 58, 62]: 0.851063829787234
[5, 7, 29, 40, 52, 58, 66]: 0.8413642052565707
[5, 7, 29, 40, 52, 60, 62]: 0.83729662077597
[5, 7, 29, 40, 52, 60, 66]: 0.8416770963704631
[5, 7, 29, 40, 52, 62, 66]: 0.8103879849812266
[5, 7, 29, 40, 56, 58, 60]: 0.8263454317897372
[5, 7, 29, 40, 56, 58, 62]: 0.817584480600751
[5, 7, 29, 40, 56, 60, 62]: 0.8038172715894869
[5, 7, 29, 40, 58, 60, 62]: 0.840738423028786
[5, 7, 29, 40, 58, 60, 66]: 0.8448060075093867
[5, 7, 29, 40, 58, 62, 66]: 0.8138297872340425
[5, 7, 29, 40, 60, 62, 66]: 0.8138297872340425
[5, 7, 29, 48, 52, 58, 60]: 0.8247809762202754
[5, 7, 29, 48, 52, 58, 66]: 0.8013141426783479
[5, 7, 29, 48, 52, 60, 66]: 0.8016270337922403
[5, 7, 29, 48, 58, 60, 66]: 0.804755944931164
[5, 7, 29, 52, 56, 58, 60]: 0.8307259073842302
[5, 7, 29, 52, 56, 58, 62]: 0.8197747183979975
[5, 7, 29, 52, 56, 58, 66]: 0.8025657071339174
[5, 7, 29, 52, 56, 60, 62]: 0.8060075093867334
[5, 7, 29, 52, 56, 60, 66]: 0.8028785982478097
[5, 7, 29, 52, 58, 60, 62]: 0.8413642052565707
[5, 7, 29, 52, 58, 60, 66]: 0.8476220275344181
[5, 7, 29, 52, 58, 62, 66]: 0.8144555694618273
[5, 7, 29, 52, 60, 62, 66]: 0.8144555694618273
[5, 7, 29, 56, 58, 60, 62]: 0.8075719649561952
[5, 7, 29, 56, 58, 60, 66]: 0.8041301627033792
[5, 7, 29, 58, 60, 62, 66]: 0.8178973717146433
[5, 7, 34, 36, 40, 52, 58]: 0.831351689612015
[5, 7, 34, 36, 40, 52, 60]: 0.8178973717146433
[5, 7, 34, 36, 40, 58, 60]: 0.8204005006257822
[5, 7, 34, 36, 40, 58, 62]: 0.8022528160200251
[5, 7, 34, 36, 48, 52, 58]: 0.8022528160200251
[5, 7, 34, 36, 52, 58, 60]: 0.8232165206508135
[5, 7, 34, 36, 52, 58, 62]: 0.8028785982478097
[5, 7, 34, 40, 48, 52, 58]: 0.8044430538172715
[5, 7, 34, 40, 52, 56, 58]: 0.8200876095118899
[5, 7, 34, 40, 52, 56, 60]: 0.8066332916145181
[5, 7, 34, 40, 52, 58, 60]: 0.8479349186483104
[5, 7, 34, 40, 52, 58, 62]: 0.8297872340425532
[5, 7, 34, 40, 52, 58, 66]: 0.8197747183979975
[5, 7, 34, 40, 52, 60, 62]: 0.8160200250312891
[5, 7, 34, 40, 52, 60, 66]: 0.8200876095118899
[5, 7, 34, 40, 56, 58, 60]: 0.8078848560700876
[5, 7, 34, 40, 58, 60, 62]: 0.8188360450563203
[5, 7, 34, 40, 58, 60, 66]: 0.8225907384230288
[5, 7, 34, 48, 52, 58, 60]: 0.8025657071339174
[5, 7, 34, 52, 56, 58, 60]: 0.8119524405506884
[5, 7, 34, 52, 56, 58, 62]: 0.8013141426783479
[5, 7, 34, 52, 58, 60, 62]: 0.8194618272841051
[5, 7, 34, 52, 58, 60, 66]: 0.8254067584480601
[5, 7, 36, 40, 48, 52, 58]: 0.8188360450563203
[5, 7, 36, 40, 48, 52, 60]: 0.811639549436796
[5, 7, 36, 40, 48, 58, 60]: 0.8147684605757196
[5, 7, 36, 40, 52, 56, 58]: 0.809136420525657
[5, 7, 36, 40, 52, 58, 60]: 0.8401126408010012
[5, 7, 36, 40, 52, 58, 62]: 0.8216520650813517
[5, 7, 36, 40, 52, 58, 66]: 0.811639549436796
[5, 7, 36, 40, 52, 60, 62]: 0.8078848560700876
[5, 7, 36, 40, 52, 60, 66]: 0.8119524405506884
[5, 7, 36, 40, 58, 60, 62]: 0.8113266583229036
[5, 7, 36, 40, 58, 60, 66]: 0.815081351689612
[5, 7, 36, 48, 52, 58, 60]: 0.817584480600751
[5, 7, 36, 52, 56, 58, 60]: 0.8013141426783479
[5, 7, 36, 52, 58, 60, 62]: 0.8119524405506884
[5, 7, 36, 52, 58, 60, 66]: 0.8178973717146433
[5, 7, 40, 48, 52, 58, 60]: 0.8194618272841051
[5, 7, 40, 52, 56, 58, 60]: 0.8257196495619524
[5, 7, 40, 52, 56, 58, 62]: 0.8169586983729662
[5, 7, 40, 52, 56, 60, 62]: 0.8031914893617021
[5, 7, 40, 52, 58, 60, 62]: 0.8382352941176471
[5, 7, 40, 52, 58, 60, 66]: 0.8419899874843555
[5, 7, 40, 52, 58, 62, 66]: 0.8110137672090113
[5, 7, 40, 52, 60, 62, 66]: 0.8110137672090113
[5, 7, 40, 56, 58, 60, 62]: 0.804755944931164
[5, 7, 40, 58, 60, 62, 66]: 0.8144555694618273
[5, 7, 48, 52, 58, 60, 66]: 0.8019399249061326
[5, 7, 52, 56, 58, 60, 62]: 0.8069461827284106
[5, 7, 52, 56, 58, 60, 66]: 0.8031914893617021
[5, 7, 52, 58, 60, 62, 66]: 0.815081351689612
[5, 9, 29, 34, 40, 52, 58]: 0.8119524405506884
[5, 9, 29, 34, 40, 52, 60]: 0.8006883604505632
[5, 9, 29, 34, 40, 58, 60]: 0.8028785982478097
[5, 9, 29, 34, 52, 58, 60]: 0.8053817271589487
[5, 9, 29, 40, 52, 58, 60]: 0.818523153942428
[5, 9, 29, 40, 52, 58, 62]: 0.8003754693366708
[5, 9, 34, 40, 52, 58, 60]: 0.8010012515644556
[5, 25, 29, 40, 52, 58, 60]: 0.809136420525657
[5, 29, 34, 36, 40, 48, 52]: 0.8285356695869838
[5, 29, 34, 36, 40, 48, 58]: 0.8310387984981227
[5, 29, 34, 36, 40, 48, 60]: 0.8238423028785983
[5, 29, 34, 36, 40, 48, 66]: 0.8000625782227785
[5, 29, 34, 36, 40, 52, 56]: 0.8169586983729662
[5, 29, 34, 36, 40, 52, 58]: 0.8632665832290363
[5, 29, 34, 36, 40, 52, 60]: 0.8498122653316645
[5, 29, 34, 36, 40, 52, 62]: 0.831351689612015
[5, 29, 34, 36, 40, 52, 66]: 0.8213391739674594
[5, 29, 34, 36, 40, 56, 58]: 0.8182102628285357
[5, 29, 34, 36, 40, 56, 60]: 0.804755944931164
[5, 29, 34, 36, 40, 58, 60]: 0.8523153942428036
[5, 29, 34, 36, 40, 58, 62]: 0.8341677096370463
[5, 29, 34, 36, 40, 58, 66]: 0.8238423028785983
[5, 29, 34, 36, 40, 60, 62]: 0.8204005006257822
[5, 29, 34, 36, 40, 60, 66]: 0.8241551939924906
[5, 29, 34, 36, 48, 52, 58]: 0.8341677096370463
[5, 29, 34, 36, 48, 52, 60]: 0.8266583229036295
[5, 29, 34, 36, 48, 52, 66]: 0.8028785982478097
[5, 29, 34, 36, 48, 58, 60]: 0.8291614518147684
[5, 29, 34, 36, 48, 58, 62]: 0.8025657071339174
[5, 29, 34, 36, 48, 58, 66]: 0.8053817271589487
[5, 29, 34, 36, 48, 60, 66]: 0.8056946182728411
[5, 29, 34, 36, 52, 56, 58]: 0.8225907384230288
[5, 29, 34, 36, 52, 56, 60]: 0.8088235294117647
[5, 29, 34, 36, 52, 58, 60]: 0.8551314142678348
[5, 29, 34, 36, 52, 58, 62]: 0.8347934918648311
[5, 29, 34, 36, 52, 58, 66]: 0.8266583229036295
[5, 29, 34, 36, 52, 60, 62]: 0.8210262828535669
[5, 29, 34, 36, 52, 60, 66]: 0.8269712140175219
[5, 29, 34, 36, 56, 58, 60]: 0.8100750938673341
[5, 29, 34, 36, 58, 60, 62]: 0.8238423028785983
[5, 29, 34, 36, 58, 60, 66]: 0.8294743429286608
[5, 29, 34, 40, 48, 52, 58]: 0.8363579474342928
[5, 29, 34, 40, 48, 52, 60]: 0.8291614518147684
[5, 29, 34, 40, 48, 52, 62]: 0.8044430538172715
[5, 29, 34, 40, 48, 52, 66]: 0.8053817271589487
[5, 29, 34, 40, 48, 58, 60]: 0.8316645807259074
[5, 29, 34, 40, 48, 58, 62]: 0.8072590738423029
[5, 29, 34, 40, 48, 58, 66]: 0.8078848560700876
[5, 29, 34, 40, 48, 60, 66]: 0.80819774718398
[5, 29, 34, 40, 52, 56, 58]: 0.8469962453066333
[5, 29, 34, 40, 52, 56, 60]: 0.8335419274092616
[5, 29, 34, 40, 52, 56, 62]: 0.8247809762202754
[5, 29, 34, 40, 52, 56, 66]: 0.8050688360450563
[5, 29, 34, 40, 52, 58, 60]: 0.8798498122653317
[5, 29, 34, 40, 52, 58, 62]: 0.8617021276595744
[5, 29, 34, 40, 52, 58, 66]: 0.8513767209011264
[5, 29, 34, 40, 52, 60, 62]: 0.8479349186483104
[5, 29, 34, 40, 52, 60, 66]: 0.8516896120150188
[5, 29, 34, 40, 52, 62, 66]: 0.8207133917396746
[5, 29, 34, 40, 56, 58, 60]: 0.8347934918648311
[5, 29, 34, 40, 56, 58, 62]: 0.8263454317897372
[5, 29, 34, 40, 56, 58, 66]: 0.8063204005006258
[5, 29, 34, 40, 56, 60, 62]: 0.8125782227784731
[5, 29, 34, 40, 56, 60, 66]: 0.8066332916145181
[5, 29, 34, 40, 58, 60, 62]: 0.8507509386733417
[5, 29, 34, 40, 58, 60, 66]: 0.8541927409261577
[5, 29, 34, 40, 58, 62, 66]: 0.8235294117647058
[5, 29, 34, 40, 60, 62, 66]: 0.8235294117647058
[5, 29, 34, 48, 52, 58, 60]: 0.8344806007509387
[5, 29, 34, 48, 52, 58, 62]: 0.8078848560700876
[5, 29, 34, 48, 52, 58, 66]: 0.8107008760951189
[5, 29, 34, 48, 52, 60, 62]: 0.8003754693366708
[5, 29, 34, 48, 52, 60, 66]: 0.8110137672090113
[5, 29, 34, 48, 58, 60, 62]: 0.8031914893617021
[5, 29, 34, 48, 58, 60, 66]: 0.8135168961201502
[5, 29, 34, 52, 56, 58, 60]: 0.8388610763454318
[5, 29, 34, 52, 56, 58, 62]: 0.8282227784730913
[5, 29, 34, 52, 56, 58, 66]: 0.8103879849812266
[5, 29, 34, 52, 56, 60, 62]: 0.8144555694618273
[5, 29, 34, 52, 56, 60, 66]: 0.8107008760951189
[5, 29, 34, 52, 58, 60, 62]: 0.8513767209011264
[5, 29, 34, 52, 58, 60, 66]: 0.8570087609511889
[5, 29, 34, 52, 58, 62, 66]: 0.8241551939924906
[5, 29, 34, 52, 60, 62, 66]: 0.8241551939924906
[5, 29, 34, 56, 58, 60, 62]: 0.8160200250312891
[5, 29, 34, 56, 58, 60, 66]: 0.8119524405506884
[5, 29, 34, 58, 60, 62, 66]: 0.8269712140175219
[5, 29, 36, 40, 48, 52, 56]: 0.8016270337922403
[5, 29, 36, 40, 48, 52, 58]: 0.8516896120150188
[5, 29, 36, 40, 48, 52, 60]: 0.8444931163954944
[5, 29, 36, 40, 48, 52, 62]: 0.8194618272841051
[5, 29, 36, 40, 48, 52, 66]: 0.8207133917396746
[5, 29, 36, 40, 48, 56, 58]: 0.8028785982478097
[5, 29, 36, 40, 48, 58, 60]: 0.8476220275344181
[5, 29, 36, 40, 48, 58, 62]: 0.8229036295369212
[5, 29, 36, 40, 48, 58, 66]: 0.8238423028785983
[5, 29, 36, 40, 48, 60, 62]: 0.8153942428035044
[5, 29, 36, 40, 48, 60, 66]: 0.8241551939924906
[5, 29, 36, 40, 52, 56, 58]: 0.8363579474342928
[5, 29, 36, 40, 52, 56, 60]: 0.8229036295369212
[5, 29, 36, 40, 52, 56, 62]: 0.8138297872340425
[5, 29, 36, 40, 52, 58, 60]: 0.8729662077596996
[5, 29, 36, 40, 52, 58, 62]: 0.85450563204005
[5, 29, 36, 40, 52, 58, 66]: 0.8444931163954944
[5, 29, 36, 40, 52, 60, 62]: 0.840738423028786
[5, 29, 36, 40, 52, 60, 66]: 0.8448060075093867
[5, 29, 36, 40, 52, 62, 66]: 0.8135168961201502
[5, 29, 36, 40, 56, 58, 60]: 0.8241551939924906
[5, 29, 36, 40, 56, 58, 62]: 0.8153942428035044
[5, 29, 36, 40, 56, 60, 62]: 0.8016270337922403
[5, 29, 36, 40, 58, 60, 62]: 0.844180225281602
[5, 29, 36, 40, 58, 60, 66]: 0.8479349186483104
[5, 29, 36, 40, 58, 62, 66]: 0.8169586983729662
[5, 29, 36, 40, 60, 62, 66]: 0.8169586983729662
[5, 29, 36, 48, 52, 56, 58]: 0.8075719649561952
[5, 29, 36, 48, 52, 56, 60]: 0.8000625782227785
[5, 29, 36, 48, 52, 58, 60]: 0.8504380475594493
[5, 29, 36, 48, 52, 58, 62]: 0.8235294117647058
[5, 29, 36, 48, 52, 58, 66]: 0.8266583229036295
[5, 29, 36, 48, 52, 60, 62]: 0.8160200250312891
[5, 29, 36, 48, 52, 60, 66]: 0.8269712140175219
[5, 29, 36, 48, 56, 58, 60]: 0.8013141426783479
[5, 29, 36, 48, 58, 60, 62]: 0.8194618272841051
[5, 29, 36, 48, 58, 60, 66]: 0.8301001251564456
[5, 29, 36, 52, 56, 58, 60]: 0.8285356695869838
[5, 29, 36, 52, 56, 58, 62]: 0.817584480600751
[5, 29, 36, 52, 56, 58, 66]: 0.8000625782227785
[5, 29, 36, 52, 56, 60, 62]: 0.8038172715894869
[5, 29, 36, 52, 56, 60, 66]: 0.8003754693366708
[5, 29, 36, 52, 58, 60, 62]: 0.8448060075093867
[5, 29, 36, 52, 58, 60, 66]: 0.8507509386733417
[5, 29, 36, 52, 58, 62, 66]: 0.817584480600751
[5, 29, 36, 52, 60, 62, 66]: 0.817584480600751
[5, 29, 36, 56, 58, 60, 62]: 0.8053817271589487
[5, 29, 36, 56, 58, 60, 66]: 0.8016270337922403
[5, 29, 36, 58, 60, 62, 66]: 0.8210262828535669
[5, 29, 40, 48, 52, 56, 58]: 0.8094493116395495
[5, 29, 40, 48, 52, 56, 60]: 0.8022528160200251
[5, 29, 40, 48, 52, 58, 60]: 0.8523153942428036
[5, 29, 40, 48, 52, 58, 62]: 0.8275969962453066
[5, 29, 40, 48, 52, 58, 66]: 0.8285356695869838
[5, 29, 40, 48, 52, 60, 62]: 0.8200876095118899
[5, 29, 40, 48, 52, 60, 66]: 0.8288485607008761
[5, 29, 40, 48, 56, 58, 60]: 0.8035043804755945
[5, 29, 40, 48, 58, 60, 62]: 0.8235294117647058
[5, 29, 40, 48, 58, 60, 66]: 0.8319774718397998
[5, 29, 40, 48, 58, 62, 66]: 0.8010012515644556
[5, 29, 40, 48, 60, 62, 66]: 0.8010012515644556
[5, 29, 40, 52, 56, 58, 60]: 0.8529411764705882
[5, 29, 40, 52, 56, 58, 62]: 0.844180225281602
[5, 29, 40, 52, 56, 58, 66]: 0.824468085106383
[5, 29, 40, 52, 56, 60, 62]: 0.8304130162703379
[5, 29, 40, 52, 56, 60, 66]: 0.8247809762202754
[5, 29, 40, 52, 56, 62, 66]: 0.8031914893617021
[5, 29, 40, 52, 58, 60, 62]: 0.8710888610763454
[5, 29, 40, 52, 58, 60, 66]: 0.8748435544430538
[5, 29, 40, 52, 58, 62, 66]: 0.8438673341677096
[5, 29, 40, 52, 60, 62, 66]: 0.8438673341677096
[5, 29, 40, 56, 58, 60, 62]: 0.8319774718397998
[5, 29, 40, 56, 58, 60, 66]: 0.8260325406758448
[5, 29, 40, 56, 58, 62, 66]: 0.804755944931164
[5, 29, 40, 56, 60, 62, 66]: 0.804755944931164
[5, 29, 40, 58, 60, 62, 66]: 0.8473091364205256
[5, 29, 48, 52, 56, 58, 60]: 0.8078848560700876
[5, 29, 48, 52, 58, 60, 62]: 0.8241551939924906
[5, 29, 48, 52, 58, 60, 66]: 0.8347934918648311
[5, 29, 48, 52, 58, 62, 66]: 0.8016270337922403
[5, 29, 48, 52, 60, 62, 66]: 0.8016270337922403
[5, 29, 48, 58, 60, 62, 66]: 0.8050688360450563
[5, 29, 52, 56, 58, 60, 62]: 0.8341677096370463
[5, 29, 52, 56, 58, 60, 66]: 0.8304130162703379
[5, 29, 52, 56, 58, 62, 66]: 0.8069461827284106
[5, 29, 52, 56, 60, 62, 66]: 0.8069461827284106
[5, 29, 52, 58, 60, 62, 66]: 0.8479349186483104
[5, 29, 56, 58, 60, 62, 66]: 0.8085106382978723
[5, 34, 36, 40, 48, 52, 58]: 0.8294743429286608
[5, 34, 36, 40, 48, 52, 60]: 0.8222778473091364
[5, 34, 36, 40, 48, 58, 60]: 0.8247809762202754
[5, 34, 36, 40, 48, 58, 62]: 0.8003754693366708
[5, 34, 36, 40, 48, 58, 66]: 0.8010012515644556
[5, 34, 36, 40, 48, 60, 66]: 0.8013141426783479
[5, 34, 36, 40, 52, 56, 58]: 0.8178973717146433
[5, 34, 36, 40, 52, 56, 60]: 0.8044430538172715
[5, 34, 36, 40, 52, 58, 60]: 0.8507509386733417
[5, 34, 36, 40, 52, 58, 62]: 0.8326032540675845
[5, 34, 36, 40, 52, 58, 66]: 0.8222778473091364
[5, 34, 36, 40, 52, 60, 62]: 0.8188360450563203
[5, 34, 36, 40, 52, 60, 66]: 0.8225907384230288
[5, 34, 36, 40, 56, 58, 60]: 0.8056946182728411
[5, 34, 36, 40, 58, 60, 62]: 0.8216520650813517
[5, 34, 36, 40, 58, 60, 66]: 0.8250938673341677
[5, 34, 36, 48, 52, 58, 60]: 0.8275969962453066
[5, 34, 36, 48, 52, 58, 62]: 0.8010012515644556
[5, 34, 36, 48, 52, 58, 66]: 0.8038172715894869
[5, 34, 36, 48, 52, 60, 66]: 0.8041301627033792
[5, 34, 36, 48, 58, 60, 66]: 0.8066332916145181
[5, 34, 36, 52, 56, 58, 60]: 0.8097622027534418
[5, 34, 36, 52, 58, 60, 62]: 0.8222778473091364
[5, 34, 36, 52, 58, 60, 66]: 0.827909887359199
[5, 34, 40, 48, 52, 58, 60]: 0.8301001251564456
[5, 34, 40, 48, 52, 58, 62]: 0.8056946182728411
[5, 34, 40, 48, 52, 58, 66]: 0.8063204005006258
[5, 34, 40, 48, 52, 60, 66]: 0.8066332916145181
[5, 34, 40, 48, 58, 60, 62]: 0.8010012515644556
[5, 34, 40, 48, 58, 60, 66]: 0.809136420525657
[5, 34, 40, 52, 56, 58, 60]: 0.8344806007509387
[5, 34, 40, 52, 56, 58, 62]: 0.8260325406758448
[5, 34, 40, 52, 56, 58, 66]: 0.8060075093867334
[5, 34, 40, 52, 56, 60, 62]: 0.8122653316645807
[5, 34, 40, 52, 56, 60, 66]: 0.8063204005006258
[5, 34, 40, 52, 58, 60, 62]: 0.8491864831038799
[5, 34, 40, 52, 58, 60, 66]: 0.8526282853566959
[5, 34, 40, 52, 58, 62, 66]: 0.821964956195244
[5, 34, 40, 52, 60, 62, 66]: 0.821964956195244
[5, 34, 40, 56, 58, 60, 62]: 0.8138297872340425
[5, 34, 40, 56, 58, 60, 66]: 0.8075719649561952
[5, 34, 40, 58, 60, 62, 66]: 0.8247809762202754
[5, 34, 48, 52, 58, 60, 62]: 0.8016270337922403
[5, 34, 48, 52, 58, 60, 66]: 0.8119524405506884
[5, 34, 52, 56, 58, 60, 62]: 0.8157071339173968
[5, 34, 52, 56, 58, 60, 66]: 0.811639549436796
[5, 34, 52, 58, 60, 62, 66]: 0.8254067584480601
[5, 36, 40, 48, 52, 56, 58]: 0.8035043804755945
[5, 36, 40, 48, 52, 58, 60]: 0.8457446808510638
[5, 36, 40, 48, 52, 58, 62]: 0.8216520650813517
[5, 36, 40, 48, 52, 58, 66]: 0.8216520650813517
[5, 36, 40, 48, 52, 60, 62]: 0.8135168961201502
[5, 36, 40, 48, 52, 60, 66]: 0.821964956195244
[5, 36, 40, 48, 58, 60, 62]: 0.8169586983729662
[5, 36, 40, 48, 58, 60, 66]: 0.8250938673341677
[5, 36, 40, 52, 56, 58, 60]: 0.8241551939924906
[5, 36, 40, 52, 56, 58, 62]: 0.8160200250312891
[5, 36, 40, 52, 56, 60, 62]: 0.8016270337922403
[5, 36, 40, 52, 58, 60, 62]: 0.8423028785982478
[5, 36, 40, 52, 58, 60, 66]: 0.8457446808510638
[5, 36, 40, 52, 58, 62, 66]: 0.8147684605757196
[5, 36, 40, 52, 60, 62, 66]: 0.8147684605757196
[5, 36, 40, 56, 58, 60, 62]: 0.8031914893617021
[5, 36, 40, 58, 60, 62, 66]: 0.8182102628285357
[5, 36, 48, 52, 56, 58, 60]: 0.8013141426783479
[5, 36, 48, 52, 58, 60, 62]: 0.817584480600751
[5, 36, 48, 52, 58, 60, 66]: 0.827909887359199
[5, 36, 52, 56, 58, 60, 62]: 0.8053817271589487
[5, 36, 52, 56, 58, 60, 66]: 0.8013141426783479
[5, 36, 52, 58, 60, 62, 66]: 0.8188360450563203
[5, 40, 48, 52, 56, 58, 60]: 0.8035043804755945
[5, 40, 48, 52, 58, 60, 62]: 0.8216520650813517
[5, 40, 48, 52, 58, 60, 66]: 0.8297872340425532
[5, 40, 48, 58, 60, 62, 66]: 0.8022528160200251
[5, 40, 52, 56, 58, 60, 62]: 0.8319774718397998
[5, 40, 52, 56, 58, 60, 66]: 0.8257196495619524
[5, 40, 52, 56, 58, 62, 66]: 0.8044430538172715
[5, 40, 52, 56, 60, 62, 66]: 0.8044430538172715
[5, 40, 52, 58, 60, 62, 66]: 0.845118898623279
[5, 40, 56, 58, 60, 62, 66]: 0.8060075093867334
[5, 48, 52, 58, 60, 62, 66]: 0.8028785982478097
[5, 52, 56, 58, 60, 62, 66]: 0.80819774718398
[7, 9, 29, 34, 40, 52, 58]: 0.8182102628285357
[7, 9, 29, 34, 40, 52, 60]: 0.8069461827284106
[7, 9, 29, 34, 40, 58, 60]: 0.809136420525657
[7, 9, 29, 34, 52, 58, 60]: 0.8128911138923655
[7, 9, 29, 36, 40, 52, 58]: 0.821964956195244
[7, 9, 29, 36, 40, 52, 60]: 0.8107008760951189
[7, 9, 29, 36, 40, 58, 60]: 0.8128911138923655
[7, 9, 29, 36, 52, 58, 60]: 0.8172715894868585
[7, 9, 29, 40, 52, 56, 58]: 0.8207133917396746
[7, 9, 29, 40, 52, 56, 60]: 0.8094493116395495
[7, 9, 29, 40, 52, 58, 60]: 0.840738423028786
[7, 9, 29, 40, 52, 58, 62]: 0.8169586983729662
[7, 9, 29, 40, 52, 58, 66]: 0.8044430538172715
[7, 9, 29, 40, 52, 60, 62]: 0.8053817271589487
[7, 9, 29, 40, 52, 60, 66]: 0.804755944931164
[7, 9, 29, 40, 56, 58, 60]: 0.8107008760951189
[7, 9, 29, 40, 58, 60, 62]: 0.8078848560700876
[7, 9, 29, 40, 58, 60, 66]: 0.8069461827284106
[7, 9, 29, 52, 56, 58, 60]: 0.8160200250312891
[7, 9, 29, 52, 58, 60, 62]: 0.809136420525657
[7, 9, 29, 52, 58, 60, 66]: 0.8110137672090113
[7, 9, 34, 40, 52, 58, 60]: 0.8066332916145181
[7, 9, 36, 40, 52, 58, 60]: 0.8103879849812266
[7, 9, 40, 52, 56, 58, 60]: 0.809136420525657
[7, 9, 40, 52, 58, 60, 62]: 0.8053817271589487
[7, 9, 40, 52, 58, 60, 66]: 0.8044430538172715
[7, 25, 29, 34, 40, 52, 58]: 0.8038172715894869
[7, 25, 29, 34, 52, 58, 60]: 0.8022528160200251
[7, 25, 29, 36, 40, 48, 52]: 0.8044430538172715
[7, 25, 29, 36, 40, 48, 58]: 0.8072590738423029
[7, 25, 29, 36, 40, 48, 60]: 0.8022528160200251
[7, 25, 29, 36, 40, 52, 58]: 0.8241551939924906
[7, 25, 29, 36, 40, 52, 60]: 0.8160200250312891
[7, 25, 29, 36, 40, 58, 60]: 0.8188360450563203
[7, 25, 29, 36, 48, 52, 58]: 0.8122653316645807
[7, 25, 29, 36, 48, 52, 60]: 0.8069461827284106
[7, 25, 29, 36, 48, 58, 60]: 0.8097622027534418
[7, 25, 29, 36, 52, 58, 60]: 0.8235294117647058
[7, 25, 29, 40, 48, 52, 58]: 0.8100750938673341
[7, 25, 29, 40, 48, 52, 60]: 0.8050688360450563
[7, 25, 29, 40, 48, 58, 60]: 0.8078848560700876
[7, 25, 29, 40, 52, 56, 58]: 0.8016270337922403
[7, 25, 29, 40, 52, 58, 60]: 0.8363579474342928
[7, 25, 29, 40, 52, 58, 62]: 0.8103879849812266
[7, 25, 29, 40, 52, 58, 66]: 0.8013141426783479
[7, 25, 29, 40, 52, 60, 62]: 0.8019399249061326
[7, 25, 29, 40, 52, 60, 66]: 0.8016270337922403
[7, 25, 29, 40, 58, 60, 62]: 0.8050688360450563
[7, 25, 29, 40, 58, 60, 66]: 0.8044430538172715
[7, 25, 29, 48, 52, 58, 60]: 0.8125782227784731
[7, 25, 29, 52, 56, 58, 60]: 0.8006883604505632
[7, 25, 29, 52, 58, 60, 62]: 0.8066332916145181
[7, 25, 29, 52, 58, 60, 66]: 0.8088235294117647
[7, 25, 36, 40, 48, 52, 58]: 0.8060075093867334
[7, 25, 36, 40, 48, 52, 60]: 0.8010012515644556
[7, 25, 36, 40, 48, 58, 60]: 0.8038172715894869
[7, 25, 36, 40, 52, 58, 60]: 0.817584480600751
[7, 25, 36, 48, 52, 58, 60]: 0.8085106382978723
[7, 25, 40, 48, 52, 58, 60]: 0.8066332916145181
[7, 25, 40, 52, 58, 60, 62]: 0.8038172715894869
[7, 25, 40, 52, 58, 60, 66]: 0.8025657071339174
[7, 29, 34, 36, 40, 48, 52]: 0.840738423028786
[7, 29, 34, 36, 40, 48, 58]: 0.8432415519399249
[7, 29, 34, 36, 40, 48, 60]: 0.8360450563204005
[7, 29, 34, 36, 40, 48, 62]: 0.8072590738423029
[7, 29, 34, 36, 40, 48, 66]: 0.8072590738423029
[7, 29, 34, 36, 40, 52, 56]: 0.8332290362953693
[7, 29, 34, 36, 40, 52, 58]: 0.8754693366708386
[7, 29, 34, 36, 40, 52, 60]: 0.8620150187734669
[7, 29, 34, 36, 40, 52, 62]: 0.8394868585732165
[7, 29, 34, 36, 40, 52, 66]: 0.8285356695869838
[7, 29, 34, 36, 40, 56, 58]: 0.8344806007509387
[7, 29, 34, 36, 40, 56, 60]: 0.8210262828535669
[7, 29, 34, 36, 40, 56, 62]: 0.809136420525657
[7, 29, 34, 36, 40, 58, 60]: 0.8645181476846058
[7, 29, 34, 36, 40, 58, 62]: 0.8423028785982478
[7, 29, 34, 36, 40, 58, 66]: 0.8310387984981227
[7, 29, 34, 36, 40, 60, 62]: 0.8285356695869838
[7, 29, 34, 36, 40, 60, 66]: 0.831351689612015
[7, 29, 34, 36, 48, 52, 56]: 0.8053817271589487
[7, 29, 34, 36, 48, 52, 58]: 0.8476220275344181
[7, 29, 34, 36, 48, 52, 60]: 0.8401126408010012
[7, 29, 34, 36, 48, 52, 62]: 0.80819774718398
[7, 29, 34, 36, 48, 52, 66]: 0.8110137672090113
[7, 29, 34, 36, 48, 56, 58]: 0.8066332916145181
[7, 29, 34, 36, 48, 58, 60]: 0.8426157697121401
[7, 29, 34, 36, 48, 58, 62]: 0.8110137672090113
[7, 29, 34, 36, 48, 58, 66]: 0.8135168961201502
[7, 29, 34, 36, 48, 60, 62]: 0.8035043804755945
[7, 29, 34, 36, 48, 60, 66]: 0.8138297872340425
[7, 29, 34, 36, 52, 56, 58]: 0.8401126408010012
[7, 29, 34, 36, 52, 56, 60]: 0.8263454317897372
[7, 29, 34, 36, 52, 56, 62]: 0.8113266583229036
[7, 29, 34, 36, 52, 58, 60]: 0.8685857321652065
[7, 29, 34, 36, 52, 58, 62]: 0.8432415519399249
[7, 29, 34, 36, 52, 58, 66]: 0.8347934918648311
[7, 29, 34, 36, 52, 60, 62]: 0.8294743429286608
[7, 29, 34, 36, 52, 60, 66]: 0.8351063829787234
[7, 29, 34, 36, 56, 58, 60]: 0.8275969962453066
[7, 29, 34, 36, 56, 58, 62]: 0.8128911138923655
[7, 29, 34, 36, 58, 60, 62]: 0.8322903629536921
[7, 29, 34, 36, 58, 60, 66]: 0.8376095118898623
[7, 29, 34, 36, 58, 62, 66]: 0.8003754693366708
[7, 29, 34, 36, 60, 62, 66]: 0.8003754693366708
[7, 29, 34, 40, 48, 52, 56]: 0.8063204005006258
[7, 29, 34, 40, 48, 52, 58]: 0.8485607008760951
[7, 29, 34, 40, 48, 52, 60]: 0.8413642052565707
[7, 29, 34, 40, 48, 52, 62]: 0.8125782227784731
[7, 29, 34, 40, 48, 52, 66]: 0.8125782227784731
[7, 29, 34, 40, 48, 56, 58]: 0.8075719649561952
[7, 29, 34, 40, 48, 56, 60]: 0.8003754693366708
[7, 29, 34, 40, 48, 58, 60]: 0.8438673341677096
[7, 29, 34, 40, 48, 58, 62]: 0.8153942428035044
[7, 29, 34, 40, 48, 58, 66]: 0.815081351689612
[7, 29, 34, 40, 48, 60, 62]: 0.8078848560700876
[7, 29, 34, 40, 48, 60, 66]: 0.8153942428035044
[7, 29, 34, 40, 52, 56, 58]: 0.8632665832290363
[7, 29, 34, 40, 52, 56, 60]: 0.8498122653316645
[7, 29, 34, 40, 52, 56, 62]: 0.8379224030037546
[7, 29, 34, 40, 52, 56, 66]: 0.8163329161451814
[7, 29, 34, 40, 52, 58, 60]: 0.8920525657071339
[7, 29, 34, 40, 52, 58, 62]: 0.869837296620776
[7, 29, 34, 40, 52, 58, 66]: 0.8585732165206508
[7, 29, 34, 40, 52, 60, 62]: 0.8560700876095119
[7, 29, 34, 40, 52, 60, 66]: 0.8588861076345432
[7, 29, 34, 40, 52, 62, 66]: 0.8241551939924906
[7, 29, 34, 40, 56, 58, 60]: 0.851063829787234
[7, 29, 34, 40, 56, 58, 62]: 0.8394868585732165
[7, 29, 34, 40, 56, 58, 66]: 0.817584480600751
[7, 29, 34, 40, 56, 60, 62]: 0.8257196495619524
[7, 29, 34, 40, 56, 60, 66]: 0.8178973717146433
[7, 29, 34, 40, 58, 60, 62]: 0.8588861076345432
[7, 29, 34, 40, 58, 60, 66]: 0.8613892365456821
[7, 29, 34, 40, 58, 62, 66]: 0.8269712140175219
[7, 29, 34, 40, 60, 62, 66]: 0.8269712140175219
[7, 29, 34, 48, 52, 56, 58]: 0.8132040050062578
[7, 29, 34, 48, 52, 56, 60]: 0.8056946182728411
[7, 29, 34, 48, 52, 58, 60]: 0.8479349186483104
[7, 29, 34, 48, 52, 58, 62]: 0.8163329161451814
[7, 29, 34, 48, 52, 58, 66]: 0.8188360450563203
[7, 29, 34, 48, 52, 60, 62]: 0.8088235294117647
[7, 29, 34, 48, 52, 60, 66]: 0.8191489361702128
[7, 29, 34, 48, 56, 58, 60]: 0.8069461827284106
[7, 29, 34, 48, 58, 60, 62]: 0.811639549436796
[7, 29, 34, 48, 58, 60, 66]: 0.8216520650813517
[7, 29, 34, 52, 56, 58, 60]: 0.8563829787234043
[7, 29, 34, 52, 56, 58, 62]: 0.8416770963704631
[7, 29, 34, 52, 56, 58, 66]: 0.8225907384230288
[7, 29, 34, 52, 56, 60, 62]: 0.827909887359199
[7, 29, 34, 52, 56, 60, 66]: 0.8229036295369212
[7, 29, 34, 52, 58, 60, 62]: 0.8598247809762203
[7, 29, 34, 52, 58, 60, 66]: 0.8651439299123905
[7, 29, 34, 52, 58, 62, 66]: 0.827909887359199
[7, 29, 34, 52, 60, 62, 66]: 0.827909887359199
[7, 29, 34, 56, 58, 60, 62]: 0.8294743429286608
[7, 29, 34, 56, 58, 60, 66]: 0.8241551939924906
[7, 29, 34, 58, 60, 62, 66]: 0.8307259073842302
[7, 29, 36, 40, 48, 52, 56]: 0.8363579474342928
[7, 29, 36, 40, 48, 52, 58]: 0.8829787234042553
[7, 29, 36, 40, 48, 52, 60]: 0.8757822277847309
[7, 29, 36, 40, 48, 52, 62]: 0.844180225281602
[7, 29, 36, 40, 48, 52, 66]: 0.8426157697121401
[7, 29, 36, 40, 48, 56, 58]: 0.8376095118898623
[7, 29, 36, 40, 48, 56, 60]: 0.8304130162703379
[7, 29, 36, 40, 48, 56, 62]: 0.8107008760951189
[7, 29, 36, 40, 48, 58, 60]: 0.8789111389236546
[7, 29, 36, 40, 48, 58, 62]: 0.8476220275344181
[7, 29, 36, 40, 48, 58, 66]: 0.8457446808510638
[7, 29, 36, 40, 48, 60, 62]: 0.8401126408010012
[7, 29, 36, 40, 48, 60, 66]: 0.8460575719649562
[7, 29, 36, 40, 48, 62, 66]: 0.8085106382978723
[7, 29, 36, 40, 52, 56, 58]: 0.8710888610763454
[7, 29, 36, 40, 52, 56, 60]: 0.8576345431789737
[7, 29, 36, 40, 52, 56, 62]: 0.844180225281602
[7, 29, 36, 40, 52, 56, 66]: 0.8197747183979975
[7, 29, 36, 40, 52, 58, 60]: 0.9042553191489362
[7, 29, 36, 40, 52, 58, 62]: 0.8792240300375469
[7, 29, 36, 40, 52, 58, 66]: 0.8663954943679599
[7, 29, 36, 40, 52, 60, 62]: 0.8654568210262829
[7, 29, 36, 40, 52, 60, 66]: 0.8667083854818524
[7, 29, 36, 40, 52, 62, 66]: 0.8291614518147684
[7, 29, 36, 40, 56, 58, 60]: 0.8588861076345432
[7, 29, 36, 40, 56, 58, 62]: 0.8457446808510638
[7, 29, 36, 40, 56, 58, 66]: 0.8210262828535669
[7, 29, 36, 40, 56, 60, 62]: 0.8319774718397998
[7, 29, 36, 40, 56, 60, 66]: 0.8213391739674594
[7, 29, 36, 40, 58, 60, 62]: 0.8688986232790988
[7, 29, 36, 40, 58, 60, 66]: 0.869837296620776
[7, 29, 36, 40, 58, 62, 66]: 0.8326032540675845
[7, 29, 36, 40, 60, 62, 66]: 0.8326032540675845
[7, 29, 36, 48, 52, 56, 58]: 0.8438673341677096
[7, 29, 36, 48, 52, 56, 60]: 0.8363579474342928
[7, 29, 36, 48, 52, 56, 62]: 0.8135168961201502
[7, 29, 36, 48, 52, 56, 66]: 0.8028785982478097
[7, 29, 36, 48, 52, 58, 60]: 0.8832916145181476
[7, 29, 36, 48, 52, 58, 62]: 0.8488735919899875
[7, 29, 36, 48, 52, 58, 66]: 0.8498122653316645
[7, 29, 36, 48, 52, 60, 62]: 0.8413642052565707
[7, 29, 36, 48, 52, 60, 66]: 0.850125156445557
[7, 29, 36, 48, 52, 62, 66]: 0.8097622027534418
[7, 29, 36, 48, 56, 58, 60]: 0.8376095118898623
[7, 29, 36, 48, 56, 58, 62]: 0.815081351689612
[7, 29, 36, 48, 56, 58, 66]: 0.8041301627033792
[7, 29, 36, 48, 56, 60, 62]: 0.8075719649561952
[7, 29, 36, 48, 56, 60, 66]: 0.8044430538172715
[7, 29, 36, 48, 58, 60, 62]: 0.8448060075093867
[7, 29, 36, 48, 58, 60, 66]: 0.8532540675844806
[7, 29, 36, 48, 58, 62, 66]: 0.8132040050062578
[7, 29, 36, 48, 60, 62, 66]: 0.8132040050062578
[7, 29, 36, 52, 56, 58, 60]: 0.8648310387984981
[7, 29, 36, 52, 56, 58, 62]: 0.8485607008760951
[7, 29, 36, 52, 56, 58, 66]: 0.8266583229036295
[7, 29, 36, 52, 56, 60, 62]: 0.8347934918648311
[7, 29, 36, 52, 56, 60, 66]: 0.8269712140175219
[7, 29, 36, 52, 58, 60, 62]: 0.8701501877346683
[7, 29, 36, 52, 58, 60, 66]: 0.8739048811013768
[7, 29, 36, 52, 58, 62, 66]: 0.8338548185231539
[7, 29, 36, 52, 60, 62, 66]: 0.8338548185231539
[7, 29, 36, 56, 58, 60, 62]: 0.8363579474342928
[7, 29, 36, 56, 58, 60, 66]: 0.8282227784730913
[7, 29, 36, 56, 58, 62, 66]: 0.8000625782227785
[7, 29, 36, 56, 60, 62, 66]: 0.8000625782227785
[7, 29, 36, 58, 60, 62, 66]: 0.83729662077597
[7, 29, 40, 48, 52, 56, 58]: 0.844180225281602
[7, 29, 40, 48, 52, 56, 60]: 0.8369837296620776
[7, 29, 40, 48, 52, 56, 62]: 0.8172715894868585
[7, 29, 40, 48, 52, 56, 66]: 0.8038172715894869
[7, 29, 40, 48, 52, 58, 60]: 0.8836045056320401
[7, 29, 40, 48, 52, 58, 62]: 0.8523153942428036
[7, 29, 40, 48, 52, 58, 66]: 0.8504380475594493
[7, 29, 40, 48, 52, 60, 62]: 0.8448060075093867
[7, 29, 40, 48, 52, 60, 66]: 0.8507509386733417
[7, 29, 40, 48, 52, 62, 66]: 0.8132040050062578
[7, 29, 40, 48, 56, 58, 60]: 0.8382352941176471
[7, 29, 40, 48, 56, 58, 62]: 0.8188360450563203
[7, 29, 40, 48, 56, 58, 66]: 0.8050688360450563
[7, 29, 40, 48, 56, 60, 62]: 0.8113266583229036
[7, 29, 40, 48, 56, 60, 66]: 0.8053817271589487
[7, 29, 40, 48, 58, 60, 62]: 0.8482478097622027
[7, 29, 40, 48, 58, 60, 66]: 0.8538798498122653
[7, 29, 40, 48, 58, 62, 66]: 0.8166458072590739
[7, 29, 40, 48, 60, 62, 66]: 0.8166458072590739
[7, 29, 40, 52, 56, 58, 60]: 0.8876720901126408
[7, 29, 40, 52, 56, 58, 62]: 0.8745306633291614
[7, 29, 40, 52, 56, 58, 66]: 0.8498122653316645
[7, 29, 40, 52, 56, 60, 62]: 0.8607634543178974
[7, 29, 40, 52, 56, 60, 66]: 0.850125156445557
[7, 29, 40, 52, 56, 62, 66]: 0.824468085106383
[7, 29, 40, 52, 58, 60, 62]: 0.8958072590738423
[7, 29, 40, 52, 58, 60, 66]: 0.8967459324155194
[7, 29, 40, 52, 58, 62, 66]: 0.859511889862328
[7, 29, 40, 52, 60, 62, 66]: 0.859511889862328
[7, 29, 40, 56, 58, 60, 62]: 0.8623279098873592
[7, 29, 40, 56, 58, 60, 66]: 0.8513767209011264
[7, 29, 40, 56, 58, 62, 66]: 0.8260325406758448
[7, 29, 40, 56, 60, 62, 66]: 0.8260325406758448
[7, 29, 40, 58, 60, 62, 66]: 0.8629536921151439
[7, 29, 48, 52, 56, 58, 60]: 0.844180225281602
[7, 29, 48, 52, 56, 58, 62]: 0.8216520650813517
[7, 29, 48, 52, 56, 58, 66]: 0.8107008760951189
[7, 29, 48, 52, 56, 60, 62]: 0.814142678347935
[7, 29, 48, 52, 56, 60, 66]: 0.8110137672090113
[7, 29, 48, 52, 58, 60, 62]: 0.8494993742177722
[7, 29, 48, 52, 58, 60, 66]: 0.8579474342928661
[7, 29, 48, 52, 58, 62, 66]: 0.8178973717146433
[7, 29, 48, 52, 60, 62, 66]: 0.8178973717146433
[7, 29, 48, 56, 58, 60, 62]: 0.8157071339173968
[7, 29, 48, 56, 58, 60, 66]: 0.8122653316645807
[7, 29, 48, 58, 60, 62, 66]: 0.8213391739674594
[7, 29, 52, 56, 58, 60, 62]: 0.8651439299123905
[7, 29, 52, 56, 58, 60, 66]: 0.8570087609511889
[7, 29, 52, 56, 58, 62, 66]: 0.8288485607008761
[7, 29, 52, 56, 60, 62, 66]: 0.8288485607008761
[7, 29, 52, 58, 60, 62, 66]: 0.8642052565707133
[7, 29, 56, 58, 60, 62, 66]: 0.8304130162703379
[7, 34, 36, 40, 48, 52, 58]: 0.8410513141426783
[7, 34, 36, 40, 48, 52, 60]: 0.8338548185231539
[7, 34, 36, 40, 48, 52, 62]: 0.8050688360450563
[7, 34, 36, 40, 48, 52, 66]: 0.8050688360450563
[7, 34, 36, 40, 48, 56, 58]: 0.8000625782227785
[7, 34, 36, 40, 48, 58, 60]: 0.8363579474342928
[7, 34, 36, 40, 48, 58, 62]: 0.8078848560700876
[7, 34, 36, 40, 48, 58, 66]: 0.8075719649561952
[7, 34, 36, 40, 48, 60, 62]: 0.8003754693366708
[7, 34, 36, 40, 48, 60, 66]: 0.8078848560700876
[7, 34, 36, 40, 52, 56, 58]: 0.8335419274092616
[7, 34, 36, 40, 52, 56, 60]: 0.8200876095118899
[7, 34, 36, 40, 52, 56, 62]: 0.80819774718398
[7, 34, 36, 40, 52, 58, 60]: 0.8623279098873592
[7, 34, 36, 40, 52, 58, 62]: 0.8401126408010012
[7, 34, 36, 40, 52, 58, 66]: 0.8288485607008761
[7, 34, 36, 40, 52, 60, 62]: 0.8263454317897372
[7, 34, 36, 40, 52, 60, 66]: 0.8291614518147684
[7, 34, 36, 40, 56, 58, 60]: 0.8213391739674594
[7, 34, 36, 40, 56, 58, 62]: 0.8097622027534418
[7, 34, 36, 40, 58, 60, 62]: 0.8291614518147684
[7, 34, 36, 40, 58, 60, 66]: 0.8316645807259074
[7, 34, 36, 48, 52, 56, 58]: 0.8056946182728411
[7, 34, 36, 48, 52, 58, 60]: 0.8404255319148937
[7, 34, 36, 48, 52, 58, 62]: 0.8088235294117647
[7, 34, 36, 48, 52, 58, 66]: 0.8113266583229036
[7, 34, 36, 48, 52, 60, 62]: 0.8013141426783479
[7, 34, 36, 48, 52, 60, 66]: 0.811639549436796
[7, 34, 36, 48, 58, 60, 62]: 0.8041301627033792
[7, 34, 36, 48, 58, 60, 66]: 0.814142678347935
[7, 34, 36, 52, 56, 58, 60]: 0.8266583229036295
[7, 34, 36, 52, 56, 58, 62]: 0.8119524405506884
[7, 34, 36, 52, 58, 60, 62]: 0.8301001251564456
[7, 34, 36, 52, 58, 60, 66]: 0.8354192740926157
[7, 34, 36, 58, 60, 62, 66]: 0.8010012515644556
[7, 34, 40, 48, 52, 56, 58]: 0.8066332916145181
[7, 34, 40, 48, 52, 58, 60]: 0.8416770963704631
[7, 34, 40, 48, 52, 58, 62]: 0.8132040050062578
[7, 34, 40, 48, 52, 58, 66]: 0.8128911138923655
[7, 34, 40, 48, 52, 60, 62]: 0.8056946182728411
[7, 34, 40, 48, 52, 60, 66]: 0.8132040050062578
[7, 34, 40, 48, 56, 58, 60]: 0.8006883604505632
[7, 34, 40, 48, 58, 60, 62]: 0.8085106382978723
[7, 34, 40, 48, 58, 60, 66]: 0.8157071339173968
[7, 34, 40, 52, 56, 58, 60]: 0.850125156445557
[7, 34, 40, 52, 56, 58, 62]: 0.8385481852315394
[7, 34, 40, 52, 56, 58, 66]: 0.8166458072590739
[7, 34, 40, 52, 56, 60, 62]: 0.8247809762202754
[7, 34, 40, 52, 56, 60, 66]: 0.8169586983729662
[7, 34, 40, 52, 58, 60, 62]: 0.8566958698372966
[7, 34, 40, 52, 58, 60, 66]: 0.8591989987484355
[7, 34, 40, 52, 58, 62, 66]: 0.8247809762202754
[7, 34, 40, 52, 60, 62, 66]: 0.8247809762202754
[7, 34, 40, 56, 58, 60, 62]: 0.8263454317897372
[7, 34, 40, 56, 58, 60, 66]: 0.8182102628285357
[7, 34, 40, 58, 60, 62, 66]: 0.8275969962453066
[7, 34, 48, 52, 56, 58, 60]: 0.8060075093867334
[7, 34, 48, 52, 58, 60, 62]: 0.8094493116395495
[7, 34, 48, 52, 58, 60, 66]: 0.8194618272841051
[7, 34, 52, 56, 58, 60, 62]: 0.8285356695869838
[7, 34, 52, 56, 58, 60, 66]: 0.8232165206508135
[7, 34, 52, 58, 60, 62, 66]: 0.8285356695869838
[7, 36, 40, 48, 52, 56, 58]: 0.8382352941176471
[7, 36, 40, 48, 52, 56, 60]: 0.8310387984981227
[7, 36, 40, 48, 52, 56, 62]: 0.8113266583229036
[7, 36, 40, 48, 52, 58, 60]: 0.8776595744680851
[7, 36, 40, 48, 52, 58, 62]: 0.8463704630788486
[7, 36, 40, 48, 52, 58, 66]: 0.8435544430538173
[7, 36, 40, 48, 52, 60, 62]: 0.8388610763454318
[7, 36, 40, 48, 52, 60, 66]: 0.8438673341677096
[7, 36, 40, 48, 52, 62, 66]: 0.8063204005006258
[7, 36, 40, 48, 56, 58, 60]: 0.8322903629536921
[7, 36, 40, 48, 56, 58, 62]: 0.8128911138923655
[7, 36, 40, 48, 56, 60, 62]: 0.8053817271589487
[7, 36, 40, 48, 58, 60, 62]: 0.8423028785982478
[7, 36, 40, 48, 58, 60, 66]: 0.8469962453066333
[7, 36, 40, 48, 58, 62, 66]: 0.8097622027534418
[7, 36, 40, 48, 60, 62, 66]: 0.8097622027534418
[7, 36, 40, 52, 56, 58, 60]: 0.859511889862328
[7, 36, 40, 52, 56, 58, 62]: 0.8463704630788486
[7, 36, 40, 52, 56, 58, 66]: 0.8207133917396746
[7, 36, 40, 52, 56, 60, 62]: 0.8326032540675845
[7, 36, 40, 52, 56, 60, 66]: 0.8210262828535669
[7, 36, 40, 52, 58, 60, 62]: 0.8676470588235294
[7, 36, 40, 52, 58, 60, 66]: 0.8676470588235294
[7, 36, 40, 52, 58, 62, 66]: 0.8304130162703379
[7, 36, 40, 52, 60, 62, 66]: 0.8304130162703379
[7, 36, 40, 56, 58, 60, 62]: 0.8341677096370463
[7, 36, 40, 56, 58, 60, 66]: 0.8222778473091364
[7, 36, 40, 58, 60, 62, 66]: 0.8338548185231539
[7, 36, 48, 52, 56, 58, 60]: 0.8382352941176471
[7, 36, 48, 52, 56, 58, 62]: 0.8157071339173968
[7, 36, 48, 52, 56, 58, 66]: 0.8038172715894869
[7, 36, 48, 52, 56, 60, 62]: 0.80819774718398
[7, 36, 48, 52, 56, 60, 66]: 0.8041301627033792
[7, 36, 48, 52, 58, 60, 62]: 0.8435544430538173
[7, 36, 48, 52, 58, 60, 66]: 0.851063829787234
[7, 36, 48, 52, 58, 62, 66]: 0.8110137672090113
[7, 36, 48, 52, 60, 62, 66]: 0.8110137672090113
[7, 36, 48, 56, 58, 60, 62]: 0.8097622027534418
[7, 36, 48, 56, 58, 60, 66]: 0.8053817271589487
[7, 36, 48, 58, 60, 62, 66]: 0.8144555694618273
[7, 36, 52, 56, 58, 60, 62]: 0.8369837296620776
[7, 36, 52, 56, 58, 60, 66]: 0.827909887359199
[7, 36, 52, 58, 60, 62, 66]: 0.8351063829787234
[7, 36, 56, 58, 60, 62, 66]: 0.8013141426783479
[7, 40, 48, 52, 56, 58, 60]: 0.8388610763454318
[7, 40, 48, 52, 56, 58, 62]: 0.8194618272841051
[7, 40, 48, 52, 56, 58, 66]: 0.804755944931164
[7, 40, 48, 52, 56, 60, 62]: 0.8119524405506884
[7, 40, 48, 52, 56, 60, 66]: 0.8050688360450563
[7, 40, 48, 52, 58, 60, 62]: 0.8469962453066333
[7, 40, 48, 52, 58, 60, 66]: 0.8516896120150188
[7, 40, 48, 52, 58, 62, 66]: 0.8144555694618273
[7, 40, 48, 52, 60, 62, 66]: 0.8144555694618273
[7, 40, 48, 56, 58, 60, 62]: 0.8135168961201502
[7, 40, 48, 56, 58, 60, 66]: 0.8063204005006258
[7, 40, 48, 58, 60, 62, 66]: 0.8178973717146433
[7, 40, 52, 56, 58, 60, 62]: 0.8629536921151439
[7, 40, 52, 56, 58, 60, 66]: 0.851063829787234
[7, 40, 52, 56, 58, 62, 66]: 0.8257196495619524
[7, 40, 52, 56, 60, 62, 66]: 0.8257196495619524
[7, 40, 52, 58, 60, 62, 66]: 0.8607634543178974
[7, 40, 56, 58, 60, 62, 66]: 0.8272841051314143
[7, 48, 52, 56, 58, 60, 62]: 0.8163329161451814
[7, 48, 52, 56, 58, 60, 66]: 0.8119524405506884
[7, 48, 52, 58, 60, 62, 66]: 0.8191489361702128
[7, 52, 56, 58, 60, 62, 66]: 0.8301001251564456
[9, 29, 34, 36, 40, 52, 58]: 0.8213391739674594
[9, 29, 34, 36, 40, 52, 60]: 0.8100750938673341
[9, 29, 34, 36, 40, 58, 60]: 0.8122653316645807
[9, 29, 34, 36, 52, 58, 60]: 0.8160200250312891
[9, 29, 34, 40, 52, 56, 58]: 0.8163329161451814
[9, 29, 34, 40, 52, 56, 60]: 0.8050688360450563
[9, 29, 34, 40, 52, 58, 60]: 0.8401126408010012
[9, 29, 34, 40, 52, 58, 62]: 0.8188360450563203
[9, 29, 34, 40, 52, 58, 66]: 0.8072590738423029
[9, 29, 34, 40, 52, 60, 62]: 0.8072590738423029
[9, 29, 34, 40, 52, 60, 66]: 0.8075719649561952
[9, 29, 34, 40, 56, 58, 60]: 0.8063204005006258
[9, 29, 34, 40, 58, 60, 62]: 0.8097622027534418
[9, 29, 34, 40, 58, 60, 66]: 0.8097622027534418
[9, 29, 34, 52, 56, 58, 60]: 0.8110137672090113
[9, 29, 34, 52, 58, 60, 62]: 0.8103879849812266
[9, 29, 34, 52, 58, 60, 66]: 0.8132040050062578
[9, 29, 36, 40, 48, 52, 58]: 0.8216520650813517
[9, 29, 36, 40, 48, 52, 60]: 0.8166458072590739
[9, 29, 36, 40, 48, 58, 60]: 0.8188360450563203
[9, 29, 36, 40, 52, 56, 58]: 0.8194618272841051
[9, 29, 36, 40, 52, 56, 60]: 0.80819774718398
[9, 29, 36, 40, 52, 58, 60]: 0.845118898623279
[9, 29, 36, 40, 52, 58, 62]: 0.8213391739674594
[9, 29, 36, 40, 52, 58, 66]: 0.8085106382978723
[9, 29, 36, 40, 52, 60, 62]: 0.8097622027534418
[9, 29, 36, 40, 52, 60, 66]: 0.8088235294117647
[9, 29, 36, 40, 56, 58, 60]: 0.8094493116395495
[9, 29, 36, 40, 58, 60, 62]: 0.8122653316645807
[9, 29, 36, 40, 58, 60, 66]: 0.8110137672090113
[9, 29, 36, 48, 52, 58, 60]: 0.8232165206508135
[9, 29, 36, 52, 56, 58, 60]: 0.8147684605757196
[9, 29, 36, 52, 58, 60, 62]: 0.8135168961201502
[9, 29, 36, 52, 58, 60, 66]: 0.815081351689612
[9, 29, 40, 48, 52, 58, 60]: 0.824468085106383
[9, 29, 40, 52, 56, 58, 60]: 0.8382352941176471
[9, 29, 40, 52, 56, 58, 62]: 0.8235294117647058
[9, 29, 40, 52, 56, 58, 66]: 0.8016270337922403
[9, 29, 40, 52, 56, 60, 62]: 0.8119524405506884
[9, 29, 40, 52, 56, 60, 66]: 0.8019399249061326
[9, 29, 40, 52, 58, 60, 62]: 0.8401126408010012
[9, 29, 40, 52, 58, 60, 66]: 0.8388610763454318
[9, 29, 40, 52, 58, 62, 66]: 0.8050688360450563
[9, 29, 40, 52, 60, 62, 66]: 0.8050688360450563
[9, 29, 40, 56, 58, 60, 62]: 0.8135168961201502
[9, 29, 40, 56, 58, 60, 66]: 0.8031914893617021
[9, 29, 40, 58, 60, 62, 66]: 0.8075719649561952
[9, 29, 52, 56, 58, 60, 62]: 0.8157071339173968
[9, 29, 52, 56, 58, 60, 66]: 0.80819774718398
[9, 29, 52, 58, 60, 62, 66]: 0.8088235294117647
[9, 34, 36, 40, 52, 58, 60]: 0.8103879849812266
[9, 34, 40, 52, 56, 58, 60]: 0.8053817271589487
[9, 34, 40, 52, 58, 60, 62]: 0.8078848560700876
[9, 34, 40, 52, 58, 60, 66]: 0.8078848560700876
[9, 36, 40, 48, 52, 58, 60]: 0.8182102628285357
[9, 36, 40, 52, 56, 58, 60]: 0.8097622027534418
[9, 36, 40, 52, 58, 60, 62]: 0.811639549436796
[9, 36, 40, 52, 58, 60, 66]: 0.8097622027534418
[9, 40, 52, 56, 58, 60, 62]: 0.8138297872340425
[9, 40, 52, 56, 58, 60, 66]: 0.8028785982478097
[9, 40, 52, 58, 60, 62, 66]: 0.8063204005006258
[25, 29, 34, 36, 40, 52, 58]: 0.8166458072590739
[25, 29, 34, 36, 40, 52, 60]: 0.8085106382978723
[25, 29, 34, 36, 40, 58, 60]: 0.8107008760951189
[25, 29, 34, 36, 48, 52, 58]: 0.8038172715894869
[25, 29, 34, 36, 48, 58, 60]: 0.8006883604505632
[25, 29, 34, 36, 52, 58, 60]: 0.815081351689612
[25, 29, 34, 40, 48, 52, 58]: 0.8025657071339174
[25, 29, 34, 40, 52, 58, 60]: 0.8288485607008761
[25, 29, 34, 40, 52, 58, 62]: 0.8053817271589487
[25, 29, 34, 40, 58, 60, 66]: 0.8006883604505632
[25, 29, 34, 48, 52, 58, 60]: 0.8041301627033792
[25, 29, 34, 52, 58, 60, 62]: 0.8006883604505632
[25, 29, 34, 52, 58, 60, 66]: 0.804755944931164
[25, 29, 36, 40, 48, 52, 58]: 0.8388610763454318
[25, 29, 36, 40, 48, 52, 60]: 0.8338548185231539
[25, 29, 36, 40, 48, 52, 62]: 0.8044430538172715
[25, 29, 36, 40, 48, 52, 66]: 0.8010012515644556
[25, 29, 36, 40, 48, 58, 60]: 0.8366708385481852
[25, 29, 36, 40, 48, 58, 62]: 0.8075719649561952
[25, 29, 36, 40, 48, 58, 66]: 0.8038172715894869
[25, 29, 36, 40, 48, 60, 62]: 0.8022528160200251
[25, 29, 36, 40, 48, 60, 66]: 0.8041301627033792
[25, 29, 36, 40, 52, 56, 58]: 0.8100750938673341
[25, 29, 36, 40, 52, 56, 60]: 0.8019399249061326
[25, 29, 36, 40, 52, 58, 60]: 0.8504380475594493
[25, 29, 36, 40, 52, 58, 62]: 0.824468085106383
[25, 29, 36, 40, 52, 58, 66]: 0.8153942428035044
[25, 29, 36, 40, 52, 60, 62]: 0.8160200250312891
[25, 29, 36, 40, 52, 60, 66]: 0.8157071339173968
[25, 29, 36, 40, 56, 58, 60]: 0.8028785982478097
[25, 29, 36, 40, 58, 60, 62]: 0.8191489361702128
[25, 29, 36, 40, 58, 60, 66]: 0.818523153942428
[25, 29, 36, 48, 52, 58, 60]: 0.8413642052565707
[25, 29, 36, 48, 52, 58, 62]: 0.809136420525657
[25, 29, 36, 48, 52, 58, 66]: 0.80819774718398
[25, 29, 36, 48, 52, 60, 62]: 0.8038172715894869
[25, 29, 36, 48, 52, 60, 66]: 0.8085106382978723
[25, 29, 36, 48, 58, 60, 62]: 0.8069461827284106
[25, 29, 36, 48, 58, 60, 66]: 0.8113266583229036
[25, 29, 36, 52, 56, 58, 60]: 0.809136420525657
[25, 29, 36, 52, 58, 60, 62]: 0.8207133917396746
[25, 29, 36, 52, 58, 60, 66]: 0.8229036295369212
[25, 29, 40, 48, 52, 58, 60]: 0.8394868585732165
[25, 29, 40, 48, 52, 58, 62]: 0.8103879849812266
[25, 29, 40, 48, 52, 58, 66]: 0.8066332916145181
[25, 29, 40, 48, 52, 60, 62]: 0.8050688360450563
[25, 29, 40, 48, 52, 60, 66]: 0.8069461827284106
[25, 29, 40, 48, 58, 60, 62]: 0.80819774718398
[25, 29, 40, 48, 58, 60, 66]: 0.8097622027534418
[25, 29, 40, 52, 56, 58, 60]: 0.8222778473091364
[25, 29, 40, 52, 56, 58, 62]: 0.8069461827284106
[25, 29, 40, 52, 58, 60, 62]: 0.8366708385481852
[25, 29, 40, 52, 58, 60, 66]: 0.8360450563204005
[25, 29, 40, 52, 58, 62, 66]: 0.8031914893617021
[25, 29, 40, 52, 60, 62, 66]: 0.8031914893617021
[25, 29, 40, 58, 60, 62, 66]: 0.8063204005006258
[25, 29, 48, 52, 58, 60, 62]: 0.8097622027534418
[25, 29, 48, 52, 58, 60, 66]: 0.814142678347935
[25, 29, 52, 56, 58, 60, 62]: 0.8028785982478097
[25, 29, 52, 58, 60, 62, 66]: 0.8078848560700876
[25, 34, 36, 40, 52, 58, 60]: 0.8094493116395495
[25, 36, 40, 48, 52, 58, 60]: 0.83729662077597
[25, 36, 40, 48, 52, 58, 62]: 0.80819774718398
[25, 36, 40, 48, 52, 58, 66]: 0.8031914893617021
[25, 36, 40, 48, 52, 60, 62]: 0.8028785982478097
[25, 36, 40, 48, 52, 60, 66]: 0.8035043804755945
[25, 36, 40, 48, 58, 60, 62]: 0.8060075093867334
[25, 36, 40, 48, 58, 60, 66]: 0.8063204005006258
[25, 36, 40, 52, 56, 58, 60]: 0.8053817271589487
[25, 36, 40, 52, 58, 60, 62]: 0.8197747183979975
[25, 36, 40, 52, 58, 60, 66]: 0.8178973717146433
[25, 36, 48, 52, 58, 60, 62]: 0.8075719649561952
[25, 36, 48, 52, 58, 60, 66]: 0.8107008760951189
[25, 40, 48, 52, 58, 60, 62]: 0.8088235294117647
[25, 40, 48, 52, 58, 60, 66]: 0.809136420525657
[25, 40, 52, 56, 58, 60, 62]: 0.8022528160200251
[25, 40, 52, 58, 60, 62, 66]: 0.8056946182728411
[29, 34, 36, 40, 48, 52, 56]: 0.8269712140175219
[29, 34, 36, 40, 48, 52, 58]: 0.8742177722152691
[29, 34, 36, 40, 48, 52, 60]: 0.8670212765957447
[29, 34, 36, 40, 48, 52, 62]: 0.8382352941176471
[29, 34, 36, 40, 48, 52, 66]: 0.8379224030037546
[29, 34, 36, 40, 48, 56, 58]: 0.8282227784730913
[29, 34, 36, 40, 48, 56, 60]: 0.8210262828535669
[29, 34, 36, 40, 48, 56, 62]: 0.8028785982478097
[29, 34, 36, 40, 48, 58, 60]: 0.8695244055068836
[29, 34, 36, 40, 48, 58, 62]: 0.8410513141426783
[29, 34, 36, 40, 48, 58, 66]: 0.8404255319148937
[29, 34, 36, 40, 48, 60, 62]: 0.8335419274092616
[29, 34, 36, 40, 48, 60, 66]: 0.840738423028786
[29, 34, 36, 40, 48, 62, 66]: 0.8060075093867334
[29, 34, 36, 40, 52, 56, 58]: 0.8617021276595744
[29, 34, 36, 40, 52, 56, 60]: 0.8482478097622027
[29, 34, 36, 40, 52, 56, 62]: 0.8363579474342928
[29, 34, 36, 40, 52, 56, 66]: 0.8144555694618273
[29, 34, 36, 40, 52, 58, 60]: 0.89549436795995
[29, 34, 36, 40, 52, 58, 62]: 0.873279098873592
[29, 34, 36, 40, 52, 58, 66]: 0.8617021276595744
[29, 34, 36, 40, 52, 60, 62]: 0.859511889862328
[29, 34, 36, 40, 52, 60, 66]: 0.8620150187734669
[29, 34, 36, 40, 52, 62, 66]: 0.8272841051314143
[29, 34, 36, 40, 56, 58, 60]: 0.8494993742177722
[29, 34, 36, 40, 56, 58, 62]: 0.8379224030037546
[29, 34, 36, 40, 56, 58, 66]: 0.8157071339173968
[29, 34, 36, 40, 56, 60, 62]: 0.8241551939924906
[29, 34, 36, 40, 56, 60, 66]: 0.8160200250312891
[29, 34, 36, 40, 58, 60, 62]: 0.8623279098873592
[29, 34, 36, 40, 58, 60, 66]: 0.8645181476846058
[29, 34, 36, 40, 58, 62, 66]: 0.8301001251564456
[29, 34, 36, 40, 60, 62, 66]: 0.8301001251564456
[29, 34, 36, 48, 52, 56, 58]: 0.8338548185231539
[29, 34, 36, 48, 52, 56, 60]: 0.8263454317897372
[29, 34, 36, 48, 52, 56, 62]: 0.8050688360450563
[29, 34, 36, 48, 52, 58, 60]: 0.8735919899874843
[29, 34, 36, 48, 52, 58, 62]: 0.8419899874843555
[29, 34, 36, 48, 52, 58, 66]: 0.844180225281602
[29, 34, 36, 48, 52, 60, 62]: 0.8344806007509387
[29, 34, 36, 48, 52, 60, 66]: 0.8444931163954944
[29, 34, 36, 48, 52, 62, 66]: 0.8069461827284106
[29, 34, 36, 48, 56, 58, 60]: 0.8275969962453066
[29, 34, 36, 48, 56, 58, 62]: 0.8066332916145181
[29, 34, 36, 48, 58, 60, 62]: 0.83729662077597
[29, 34, 36, 48, 58, 60, 66]: 0.8469962453066333
[29, 34, 36, 48, 58, 62, 66]: 0.8097622027534418
[29, 34, 36, 48, 60, 62, 66]: 0.8097622027534418
[29, 34, 36, 52, 56, 58, 60]: 0.8548185231539425
[29, 34, 36, 52, 56, 58, 62]: 0.8401126408010012
[29, 34, 36, 52, 56, 58, 66]: 0.8207133917396746
[29, 34, 36, 52, 56, 60, 62]: 0.8263454317897372
[29, 34, 36, 52, 56, 60, 66]: 0.8210262828535669
[29, 34, 36, 52, 58, 60, 62]: 0.8632665832290363
[29, 34, 36, 52, 58, 60, 66]: 0.8682728410513142
[29, 34, 36, 52, 58, 62, 66]: 0.8310387984981227
[29, 34, 36, 52, 60, 62, 66]: 0.8310387984981227
[29, 34, 36, 56, 58, 60, 62]: 0.827909887359199
[29, 34, 36, 56, 58, 60, 66]: 0.8222778473091364
[29, 34, 36, 58, 60, 62, 66]: 0.8338548185231539
[29, 34, 40, 48, 52, 56, 58]: 0.8347934918648311
[29, 34, 40, 48, 52, 56, 60]: 0.8275969962453066
[29, 34, 40, 48, 52, 56, 62]: 0.8094493116395495
[29, 34, 40, 48, 52, 58, 60]: 0.8748435544430538
[29, 34, 40, 48, 52, 58, 62]: 0.8463704630788486
[29, 34, 40, 48, 52, 58, 66]: 0.8457446808510638
[29, 34, 40, 48, 52, 60, 62]: 0.8388610763454318
[29, 34, 40, 48, 52, 60, 66]: 0.8460575719649562
[29, 34, 40, 48, 52, 62, 66]: 0.8113266583229036
[29, 34, 40, 48, 56, 58, 60]: 0.8288485607008761
[29, 34, 40, 48, 56, 58, 62]: 0.8110137672090113
[29, 34, 40, 48, 56, 60, 62]: 0.8035043804755945
[29, 34, 40, 48, 56, 60, 66]: 0.8000625782227785
[29, 34, 40, 48, 58, 60, 62]: 0.8416770963704631
[29, 34, 40, 48, 58, 60, 66]: 0.8485607008760951
[29, 34, 40, 48, 58, 62, 66]: 0.814142678347935
[29, 34, 40, 48, 60, 62, 66]: 0.814142678347935
[29, 34, 40, 52, 56, 58, 60]: 0.8782853566958698
[29, 34, 40, 52, 56, 58, 62]: 0.8667083854818524
[29, 34, 40, 52, 56, 58, 66]: 0.8444931163954944
[29, 34, 40, 52, 56, 60, 62]: 0.8529411764705882
[29, 34, 40, 52, 56, 60, 66]: 0.8448060075093867
[29, 34, 40, 52, 56, 62, 66]: 0.8207133917396746
[29, 34, 40, 52, 58, 60, 62]: 0.8898623279098874
[29, 34, 40, 52, 58, 60, 66]: 0.8920525657071339
[29, 34, 40, 52, 58, 62, 66]: 0.8576345431789737
[29, 34, 40, 52, 60, 62, 66]: 0.8576345431789737
[29, 34, 40, 56, 58, 60, 62]: 0.85450563204005
[29, 34, 40, 56, 58, 60, 66]: 0.8460575719649562
[29, 34, 40, 56, 58, 62, 66]: 0.8222778473091364
[29, 34, 40, 56, 60, 62, 66]: 0.8222778473091364
[29, 34, 40, 58, 60, 62, 66]: 0.860450563204005
[29, 34, 48, 52, 56, 58, 60]: 0.8341677096370463
[29, 34, 48, 52, 56, 58, 62]: 0.8132040050062578
[29, 34, 48, 52, 56, 58, 66]: 0.804755944931164
[29, 34, 48, 52, 56, 60, 62]: 0.8056946182728411
[29, 34, 48, 52, 56, 60, 66]: 0.8050688360450563
[29, 34, 48, 52, 58, 60, 62]: 0.8426157697121401
[29, 34, 48, 52, 58, 60, 66]: 0.8523153942428036
[29, 34, 48, 52, 58, 62, 66]: 0.815081351689612
[29, 34, 48, 52, 60, 62, 66]: 0.815081351689612
[29, 34, 48, 56, 58, 60, 62]: 0.8072590738423029
[29, 34, 48, 56, 58, 60, 66]: 0.8063204005006258
[29, 34, 48, 58, 60, 62, 66]: 0.8178973717146433
[29, 34, 52, 56, 58, 60, 62]: 0.8566958698372966
[29, 34, 52, 56, 58, 60, 66]: 0.851063829787234
[29, 34, 52, 56, 58, 62, 66]: 0.824468085106383
[29, 34, 52, 56, 60, 62, 66]: 0.824468085106383
[29, 34, 52, 58, 60, 62, 66]: 0.8613892365456821
[29, 34, 56, 58, 60, 62, 66]: 0.8260325406758448
[29, 36, 40, 42, 52, 58, 60]: 0.8028785982478097
[29, 36, 40, 48, 52, 56, 58]: 0.8654568210262829
[29, 36, 40, 48, 52, 56, 60]: 0.8582603254067585
[29, 36, 40, 48, 52, 56, 62]: 0.8385481852315394
[29, 36, 40, 48, 52, 56, 66]: 0.8247809762202754
[29, 36, 40, 48, 52, 58, 60]: 0.9105131414267835
[29, 36, 40, 48, 52, 58, 62]: 0.8792240300375469
[29, 36, 40, 48, 52, 58, 66]: 0.8770337922403004
[29, 36, 40, 48, 52, 60, 62]: 0.8717146433041302
[29, 36, 40, 48, 52, 60, 66]: 0.8773466833541927
[29, 36, 40, 48, 52, 62, 66]: 0.8397997496871089
[29, 36, 40, 48, 56, 58, 60]: 0.859511889862328
[29, 36, 40, 48, 56, 58, 62]: 0.8401126408010012
[29, 36, 40, 48, 56, 58, 66]: 0.8260325406758448
[29, 36, 40, 48, 56, 60, 62]: 0.8326032540675845
[29, 36, 40, 48, 56, 60, 66]: 0.8263454317897372
[29, 36, 40, 48, 56, 62, 66]: 0.8006883604505632
[29, 36, 40, 48, 58, 60, 62]: 0.8751564455569462
[29, 36, 40, 48, 58, 60, 66]: 0.8804755944931164
[29, 36, 40, 48, 58, 62, 66]: 0.8432415519399249
[29, 36, 40, 48, 60, 62, 66]: 0.8432415519399249
[29, 36, 40, 52, 56, 58, 60]: 0.8867334167709637
[29, 36, 40, 52, 56, 58, 62]: 0.8735919899874843
[29, 36, 40, 52, 56, 58, 66]: 0.8485607008760951
[29, 36, 40, 52, 56, 60, 62]: 0.8598247809762203
[29, 36, 40, 52, 56, 60, 66]: 0.8488735919899875
[29, 36, 40, 52, 56, 62, 66]: 0.8232165206508135
[29, 36, 40, 52, 58, 60, 62]: 0.9005006257822278
[29, 36, 40, 52, 58, 60, 66]: 0.9011264080100125
[29, 36, 40, 52, 58, 62, 66]: 0.863892365456821
[29, 36, 40, 52, 60, 62, 66]: 0.863892365456821
[29, 36, 40, 56, 58, 60, 62]: 0.8613892365456821
[29, 36, 40, 56, 58, 60, 66]: 0.850125156445557
[29, 36, 40, 56, 58, 62, 66]: 0.8247809762202754
[29, 36, 40, 56, 60, 62, 66]: 0.8247809762202754
[29, 36, 40, 58, 60, 62, 66]: 0.867334167709637
[29, 36, 48, 52, 56, 58, 60]: 0.8654568210262829
[29, 36, 48, 52, 56, 58, 62]: 0.8429286608260326
[29, 36, 48, 52, 56, 58, 66]: 0.8316645807259074
[29, 36, 48, 52, 56, 60, 62]: 0.8354192740926157
[29, 36, 48, 52, 56, 60, 66]: 0.8319774718397998
[29, 36, 48, 52, 56, 62, 66]: 0.8035043804755945
[29, 36, 48, 52, 58, 60, 62]: 0.8764080100125157
[29, 36, 48, 52, 58, 60, 66]: 0.8845431789737171
[29, 36, 48, 52, 58, 62, 66]: 0.8444931163954944
[29, 36, 48, 52, 60, 62, 66]: 0.8444931163954944
[29, 36, 48, 56, 58, 60, 62]: 0.8369837296620776
[29, 36, 48, 56, 58, 60, 66]: 0.8332290362953693
[29, 36, 48, 56, 58, 62, 66]: 0.8050688360450563
[29, 36, 48, 56, 60, 62, 66]: 0.8050688360450563
[29, 36, 48, 58, 60, 62, 66]: 0.8479349186483104
[29, 36, 52, 56, 58, 60, 62]: 0.8642052565707133
[29, 36, 52, 56, 58, 60, 66]: 0.8557571964956195
[29, 36, 52, 56, 58, 62, 66]: 0.8275969962453066
[29, 36, 52, 56, 60, 62, 66]: 0.8275969962453066
[29, 36, 52, 58, 60, 62, 66]: 0.8685857321652065
[29, 36, 56, 58, 60, 62, 66]: 0.8291614518147684
[29, 40, 42, 52, 58, 60, 66]: 0.8075719649561952
[29, 40, 48, 52, 56, 58, 60]: 0.8660826032540676
[29, 40, 48, 52, 56, 58, 62]: 0.8466833541927409
[29, 40, 48, 52, 56, 58, 66]: 0.8326032540675845
[29, 40, 48, 52, 56, 60, 62]: 0.8391739674593242
[29, 40, 48, 52, 56, 60, 66]: 0.8329161451814768
[29, 40, 48, 52, 56, 62, 66]: 0.8072590738423029
[29, 40, 48, 52, 58, 60, 62]: 0.8798498122653317
[29, 40, 48, 52, 58, 60, 66]: 0.8851689612015019
[29, 40, 48, 52, 58, 62, 66]: 0.8479349186483104
[29, 40, 48, 52, 60, 62, 66]: 0.8479349186483104
[29, 40, 48, 56, 58, 60, 62]: 0.840738423028786
[29, 40, 48, 56, 58, 60, 66]: 0.8341677096370463
[29, 40, 48, 56, 58, 62, 66]: 0.8088235294117647
[29, 40, 48, 56, 60, 62, 66]: 0.8088235294117647
[29, 40, 48, 58, 60, 62, 66]: 0.8513767209011264
[29, 40, 52, 56, 58, 60, 62]: 0.8901752190237797
[29, 40, 52, 56, 58, 60, 66]: 0.8789111389236546
[29, 40, 52, 56, 58, 62, 66]: 0.853566958698373
[29, 40, 52, 56, 60, 62, 66]: 0.853566958698373
[29, 40, 52, 58, 60, 62, 66]: 0.8942428035043805
[29, 40, 56, 58, 60, 62, 66]: 0.8551314142678348
[29, 48, 52, 56, 58, 60, 62]: 0.8435544430538173
[29, 48, 52, 56, 58, 60, 66]: 0.8397997496871089
[29, 48, 52, 56, 58, 62, 66]: 0.811639549436796
[29, 48, 52, 56, 60, 62, 66]: 0.811639549436796
[29, 48, 52, 58, 60, 62, 66]: 0.8526282853566959
[29, 48, 56, 58, 60, 62, 66]: 0.8132040050062578
[29, 52, 56, 58, 60, 62, 66]: 0.8579474342928661
[34, 36, 40, 48, 52, 56, 58]: 0.827909887359199
[34, 36, 40, 48, 52, 56, 60]: 0.8207133917396746
[34, 36, 40, 48, 52, 56, 62]: 0.8025657071339174
[34, 36, 40, 48, 52, 58, 60]: 0.8679599499374218
[34, 36, 40, 48, 52, 58, 62]: 0.8394868585732165
[34, 36, 40, 48, 52, 58, 66]: 0.8388610763454318
[34, 36, 40, 48, 52, 60, 62]: 0.8319774718397998
[34, 36, 40, 48, 52, 60, 66]: 0.8391739674593242
[34, 36, 40, 48, 52, 62, 66]: 0.8044430538172715
[34, 36, 40, 48, 56, 58, 60]: 0.821964956195244
[34, 36, 40, 48, 56, 58, 62]: 0.8041301627033792
[34, 36, 40, 48, 58, 60, 62]: 0.8347934918648311
[34, 36, 40, 48, 58, 60, 66]: 0.8416770963704631
[34, 36, 40, 48, 58, 62, 66]: 0.8072590738423029
[34, 36, 40, 48, 60, 62, 66]: 0.8072590738423029
[34, 36, 40, 52, 56, 58, 60]: 0.8491864831038799
[34, 36, 40, 52, 56, 58, 62]: 0.8376095118898623
[34, 36, 40, 52, 56, 58, 66]: 0.8153942428035044
[34, 36, 40, 52, 56, 60, 62]: 0.8238423028785983
[34, 36, 40, 52, 56, 60, 66]: 0.8157071339173968
[34, 36, 40, 52, 58, 60, 62]: 0.8607634543178974
[34, 36, 40, 52, 58, 60, 66]: 0.8629536921151439
[34, 36, 40, 52, 58, 62, 66]: 0.8285356695869838
[34, 36, 40, 52, 60, 62, 66]: 0.8285356695869838
[34, 36, 40, 56, 58, 60, 62]: 0.8254067584480601
[34, 36, 40, 56, 58, 60, 66]: 0.8169586983729662
[34, 36, 40, 58, 60, 62, 66]: 0.831351689612015
[34, 36, 48, 52, 56, 58, 60]: 0.8272841051314143
[34, 36, 48, 52, 56, 58, 62]: 0.8063204005006258
[34, 36, 48, 52, 58, 60, 62]: 0.8357321652065082
[34, 36, 48, 52, 58, 60, 66]: 0.8454317897371715
[34, 36, 48, 52, 58, 62, 66]: 0.80819774718398
[34, 36, 48, 52, 60, 62, 66]: 0.80819774718398
[34, 36, 48, 56, 58, 60, 62]: 0.8003754693366708
[34, 36, 48, 58, 60, 62, 66]: 0.8110137672090113
[34, 36, 52, 56, 58, 60, 62]: 0.8275969962453066
[34, 36, 52, 56, 58, 60, 66]: 0.821964956195244
[34, 36, 52, 58, 60, 62, 66]: 0.8322903629536921
[34, 40, 48, 52, 56, 58, 60]: 0.8285356695869838
[34, 40, 48, 52, 56, 58, 62]: 0.8107008760951189
[34, 40, 48, 52, 56, 60, 62]: 0.8031914893617021
[34, 40, 48, 52, 58, 60, 62]: 0.8401126408010012
[34, 40, 48, 52, 58, 60, 66]: 0.8469962453066333
[34, 40, 48, 52, 58, 62, 66]: 0.8125782227784731
[34, 40, 48, 52, 60, 62, 66]: 0.8125782227784731
[34, 40, 48, 56, 58, 60, 62]: 0.804755944931164
[34, 40, 48, 56, 58, 60, 66]: 0.8010012515644556
[34, 40, 48, 58, 60, 62, 66]: 0.8153942428035044
[34, 40, 52, 56, 58, 60, 62]: 0.8541927409261577
[34, 40, 52, 56, 58, 60, 66]: 0.8457446808510638
[34, 40, 52, 56, 58, 62, 66]: 0.821964956195244
[34, 40, 52, 56, 60, 62, 66]: 0.821964956195244
[34, 40, 52, 58, 60, 62, 66]: 0.8588861076345432
[34, 40, 56, 58, 60, 62, 66]: 0.8235294117647058
[34, 48, 52, 56, 58, 60, 62]: 0.8069461827284106
[34, 48, 52, 56, 58, 60, 66]: 0.8060075093867334
[34, 48, 52, 58, 60, 62, 66]: 0.8163329161451814
[34, 52, 56, 58, 60, 62, 66]: 0.8257196495619524
[36, 40, 48, 52, 56, 58, 60]: 0.8620150187734669
[36, 40, 48, 52, 56, 58, 62]: 0.8432415519399249
[36, 40, 48, 52, 56, 58, 66]: 0.8269712140175219
[36, 40, 48, 52, 56, 60, 62]: 0.8351063829787234
[36, 40, 48, 52, 56, 60, 66]: 0.8272841051314143
[36, 40, 48, 52, 56, 62, 66]: 0.8016270337922403
[36, 40, 48, 52, 58, 60, 62]: 0.8757822277847309
[36, 40, 48, 52, 58, 60, 66]: 0.8795369211514393
[36, 40, 48, 52, 58, 62, 66]: 0.8423028785982478
[36, 40, 48, 52, 60, 62, 66]: 0.8423028785982478
[36, 40, 48, 56, 58, 60, 62]: 0.8366708385481852
[36, 40, 48, 56, 58, 60, 66]: 0.8285356695869838
[36, 40, 48, 56, 58, 62, 66]: 0.8031914893617021
[36, 40, 48, 56, 60, 62, 66]: 0.8031914893617021
[36, 40, 48, 58, 60, 62, 66]: 0.8457446808510638
[36, 40, 52, 56, 58, 60, 62]: 0.863892365456821
[36, 40, 52, 56, 58, 60, 66]: 0.851063829787234
[36, 40, 52, 56, 58, 62, 66]: 0.8257196495619524
[36, 40, 52, 56, 60, 62, 66]: 0.8257196495619524
[36, 40, 52, 58, 60, 62, 66]: 0.8663954943679599
[36, 40, 56, 58, 60, 62, 66]: 0.8272841051314143
[36, 48, 52, 56, 58, 60, 62]: 0.8394868585732165
[36, 48, 52, 56, 58, 60, 66]: 0.8341677096370463
[36, 48, 52, 56, 58, 62, 66]: 0.8060075093867334
[36, 48, 52, 56, 60, 62, 66]: 0.8060075093867334
[36, 48, 52, 58, 60, 62, 66]: 0.8469962453066333
[36, 48, 56, 58, 60, 62, 66]: 0.8075719649561952
[36, 52, 56, 58, 60, 62, 66]: 0.8301001251564456
[40, 48, 52, 56, 58, 60, 62]: 0.8432415519399249
[40, 48, 52, 56, 58, 60, 66]: 0.8351063829787234
[40, 48, 52, 56, 58, 62, 66]: 0.8097622027534418
[40, 48, 52, 56, 60, 62, 66]: 0.8097622027534418
[40, 48, 52, 58, 60, 62, 66]: 0.8504380475594493
[40, 48, 56, 58, 60, 62, 66]: 0.8113266583229036
[40, 52, 56, 58, 60, 62, 66]: 0.8560700876095119
[48, 52, 56, 58, 60, 62, 66]: 0.814142678347935
