[3, 7, 29, 34, 40, 52, 58, 60]: 0.8038172715894869
[3, 7, 29, 36, 40, 52, 58, 60]: 0.8147684605757196
[3, 7, 29, 40, 52, 56, 58, 60]: 0.8035043804755945
[3, 7, 29, 40, 52, 58, 60, 62]: 0.8113266583229036
[3, 7, 29, 40, 52, 58, 60, 66]: 0.8125782227784731
[3, 29, 36, 40, 48, 52, 58, 60]: 0.8103879849812266
[3, 29, 36, 40, 52, 58, 60, 62]: 0.8053817271589487
[3, 29, 36, 40, 52, 58, 60, 66]: 0.8063204005006258
[3, 29, 40, 52, 56, 58, 60, 62]: 0.8060075093867334
[3, 29, 40, 52, 58, 60, 62, 66]: 0.8031914893617021
[5, 7, 29, 34, 36, 40, 52, 58]: 0.8307259073842302
[5, 7, 29, 34, 36, 40, 52, 60]: 0.8172715894868585
[5, 7, 29, 34, 36, 40, 58, 60]: 0.8197747183979975
[5, 7, 29, 34, 36, 40, 58, 62]: 0.8016270337922403
[5, 7, 29, 34, 36, 48, 52, 58]: 0.8016270337922403
[5, 7, 29, 34, 36, 52, 58, 60]: 0.8225907384230288
[5, 7, 29, 34, 36, 52, 58, 62]: 0.8022528160200251
[5, 7, 29, 34, 40, 48, 52, 58]: 0.8038172715894869
[5, 7, 29, 34, 40, 52, 56, 58]: 0.8194618272841051
[5, 7, 29, 34, 40, 52, 56, 60]: 0.8060075093867334
[5, 7, 29, 34, 40, 52, 58, 60]: 0.8473091364205256
[5, 7, 29, 34, 40, 52, 58, 62]: 0.8291614518147684
[5, 7, 29, 34, 40, 52, 58, 66]: 0.8191489361702128
[5, 7, 29, 34, 40, 52, 60, 62]: 0.8153942428035044
[5, 7, 29, 34, 40, 52, 60, 66]: 0.8194618272841051
[5, 7, 29, 34, 40, 56, 58, 60]: 0.8072590738423029
[5, 7, 29, 34, 40, 58, 60, 62]: 0.8182102628285357
[5, 7, 29, 34, 40, 58, 60, 66]: 0.821964956195244
[5, 7, 29, 34, 48, 52, 58, 60]: 0.8019399249061326
[5, 7, 29, 34, 52, 56, 58, 60]: 0.8113266583229036
[5, 7, 29, 34, 52, 56, 58, 62]: 0.8006883604505632
[5, 7, 29, 34, 52, 58, 60, 62]: 0.8188360450563203
[5, 7, 29, 34, 52, 58, 60, 66]: 0.8247809762202754
[5, 7, 29, 36, 40, 48, 52, 58]: 0.8178973717146433
[5, 7, 29, 36, 40, 48, 52, 60]: 0.8107008760951189
[5, 7, 29, 36, 40, 48, 58, 60]: 0.8138297872340425
[5, 7, 29, 36, 40, 52, 56, 58]: 0.80819774718398
[5, 7, 29, 36, 40, 52, 58, 60]: 0.8391739674593242
[5, 7, 29, 36, 40, 52, 58, 62]: 0.8207133917396746
[5, 7, 29, 36, 40, 52, 58, 66]: 0.8110137672090113
[5, 7, 29, 36, 40, 52, 60, 62]: 0.8069461827284106
[5, 7, 29, 36, 40, 52, 60, 66]: 0.8113266583229036
[5, 7, 29, 36, 40, 58, 60, 62]: 0.8103879849812266
[5, 7, 29, 36, 40, 58, 60, 66]: 0.8144555694618273
[5, 7, 29, 36, 48, 52, 58, 60]: 0.8166458072590739
[5, 7, 29, 36, 52, 56, 58, 60]: 0.8003754693366708
[5, 7, 29, 36, 52, 58, 60, 62]: 0.8110137672090113
[5, 7, 29, 36, 52, 58, 60, 66]: 0.8172715894868585
[5, 7, 29, 40, 48, 52, 58, 60]: 0.818523153942428
[5, 7, 29, 40, 52, 56, 58, 60]: 0.8247809762202754
[5, 7, 29, 40, 52, 56, 58, 62]: 0.8160200250312891
[5, 7, 29, 40, 52, 56, 60, 62]: 0.8022528160200251
[5, 7, 29, 40, 52, 58, 60, 62]: 0.83729662077597
[5, 7, 29, 40, 52, 58, 60, 66]: 0.8413642052565707
[5, 7, 29, 40, 52, 58, 62, 66]: 0.8103879849812266
[5, 7, 29, 40, 52, 60, 62, 66]: 0.8103879849812266
[5, 7, 29, 40, 56, 58, 60, 62]: 0.8038172715894869
[5, 7, 29, 40, 58, 60, 62, 66]: 0.8138297872340425
[5, 7, 29, 48, 52, 58, 60, 66]: 0.8013141426783479
[5, 7, 29, 52, 56, 58, 60, 62]: 0.8060075093867334
[5, 7, 29, 52, 56, 58, 60, 66]: 0.8025657071339174
[5, 7, 29, 52, 58, 60, 62, 66]: 0.8144555694618273
[5, 7, 34, 36, 40, 52, 58, 60]: 0.817584480600751
[5, 7, 34, 40, 52, 56, 58, 60]: 0.8063204005006258
[5, 7, 34, 40, 52, 58, 60, 62]: 0.8160200250312891
[5, 7, 34, 40, 52, 58, 60, 66]: 0.8197747183979975
[5, 7, 36, 40, 48, 52, 58, 60]: 0.8113266583229036
[5, 7, 36, 40, 52, 58, 60, 62]: 0.8078848560700876
[5, 7, 36, 40, 52, 58, 60, 66]: 0.811639549436796
[5, 7, 40, 52, 56, 58, 60, 62]: 0.8031914893617021
[5, 7, 40, 52, 58, 60, 62, 66]: 0.8110137672090113
[5, 9, 29, 34, 40, 52, 58, 60]: 0.8003754693366708
[5, 29, 34, 36, 40, 48, 52, 58]: 0.8282227784730913
[5, 29, 34, 36, 40, 48, 52, 60]: 0.8210262828535669
[5, 29, 34, 36, 40, 48, 58, 60]: 0.8235294117647058
[5, 29, 34, 36, 40, 48, 60, 66]: 0.8000625782227785
[5, 29, 34, 36, 40, 52, 56, 58]: 0.8166458072590739
[5, 29, 34, 36, 40, 52, 56, 60]: 0.8031914893617021
[5, 29, 34, 36, 40, 52, 58, 60]: 0.8494993742177722
[5, 29, 34, 36, 40, 52, 58, 62]: 0.831351689612015
[5, 29, 34, 36, 40, 52, 58, 66]: 0.8210262828535669
[5, 29, 34, 36, 40, 52, 60, 62]: 0.817584480600751
[5, 29, 34, 36, 40, 52, 60, 66]: 0.8213391739674594
[5, 29, 34, 36, 40, 56, 58, 60]: 0.8044430538172715
[5, 29, 34, 36, 40, 58, 60, 62]: 0.8204005006257822
[5, 29, 34, 36, 40, 58, 60, 66]: 0.8238423028785983
[5, 29, 34, 36, 48, 52, 58, 60]: 0.8263454317897372
[5, 29, 34, 36, 48, 52, 58, 66]: 0.8025657071339174
[5, 29, 34, 36, 48, 52, 60, 66]: 0.8028785982478097
[5, 29, 34, 36, 48, 58, 60, 66]: 0.8053817271589487
[5, 29, 34, 36, 52, 56, 58, 60]: 0.8085106382978723
[5, 29, 34, 36, 52, 58, 60, 62]: 0.8210262828535669
[5, 29, 34, 36, 52, 58, 60, 66]: 0.8266583229036295
[5, 29, 34, 40, 48, 52, 58, 60]: 0.8288485607008761
[5, 29, 34, 40, 48, 52, 58, 62]: 0.8044430538172715
[5, 29, 34, 40, 48, 52, 58, 66]: 0.8050688360450563
[5, 29, 34, 40, 48, 52, 60, 66]: 0.8053817271589487
[5, 29, 34, 40, 48, 58, 60, 66]: 0.8078848560700876
[5, 29, 34, 40, 52, 56, 58, 60]: 0.8332290362953693
[5, 29, 34, 40, 52, 56, 58, 62]: 0.8247809762202754
[5, 29, 34, 40, 52, 56, 58, 66]: 0.804755944931164
[5, 29, 34, 40, 52, 56, 60, 62]: 0.8110137672090113
[5, 29, 34, 40, 52, 56, 60, 66]: 0.8050688360450563
[5, 29, 34, 40, 52, 58, 60, 62]: 0.8479349186483104
[5, 29, 34, 40, 52, 58, 60, 66]: 0.8513767209011264
[5, 29, 34, 40, 52, 58, 62, 66]: 0.8207133917396746
[5, 29, 34, 40, 52, 60, 62, 66]: 0.8207133917396746
[5, 29, 34, 40, 56, 58, 60, 62]: 0.8125782227784731
[5, 29, 34, 40, 56, 58, 60, 66]: 0.8063204005006258
[5, 29, 34, 40, 58, 60, 62, 66]: 0.8235294117647058
[5, 29, 34, 48, 52, 58, 60, 62]: 0.8003754693366708
[5, 29, 34, 48, 52, 58, 60, 66]: 0.8107008760951189
[5, 29, 34, 52, 56, 58, 60, 62]: 0.8144555694618273
[5, 29, 34, 52, 56, 58, 60, 66]: 0.8103879849812266
[5, 29, 34, 52, 58, 60, 62, 66]: 0.8241551939924906
[5, 29, 36, 40, 48, 52, 56, 58]: 0.8013141426783479
[5, 29, 36, 40, 48, 52, 58, 60]: 0.844180225281602
[5, 29, 36, 40, 48, 52, 58, 62]: 0.8194618272841051
[5, 29, 36, 40, 48, 52, 58, 66]: 0.8204005006257822
[5, 29, 36, 40, 48, 52, 60, 62]: 0.8119524405506884
[5, 29, 36, 40, 48, 52, 60, 66]: 0.8207133917396746
[5, 29, 36, 40, 48, 58, 60, 62]: 0.8153942428035044
[5, 29, 36, 40, 48, 58, 60, 66]: 0.8238423028785983
[5, 29, 36, 40, 52, 56, 58, 60]: 0.8225907384230288
[5, 29, 36, 40, 52, 56, 58, 62]: 0.8138297872340425
[5, 29, 36, 40, 52, 56, 60, 62]: 0.8000625782227785
[5, 29, 36, 40, 52, 58, 60, 62]: 0.840738423028786
[5, 29, 36, 40, 52, 58, 60, 66]: 0.8444931163954944
[5, 29, 36, 40, 52, 58, 62, 66]: 0.8135168961201502
[5, 29, 36, 40, 52, 60, 62, 66]: 0.8135168961201502
[5, 29, 36, 40, 56, 58, 60, 62]: 0.8016270337922403
[5, 29, 36, 40, 58, 60, 62, 66]: 0.8169586983729662
[5, 29, 36, 48, 52, 58, 60, 62]: 0.8160200250312891
[5, 29, 36, 48, 52, 58, 60, 66]: 0.8266583229036295
[5, 29, 36, 52, 56, 58, 60, 62]: 0.8038172715894869
[5, 29, 36, 52, 56, 58, 60, 66]: 0.8000625782227785
[5, 29, 36, 52, 58, 60, 62, 66]: 0.817584480600751
[5, 29, 40, 48, 52, 56, 58, 60]: 0.8019399249061326
[5, 29, 40, 48, 52, 58, 60, 62]: 0.8200876095118899
[5, 29, 40, 48, 52, 58, 60, 66]: 0.8285356695869838
[5, 29, 40, 48, 58, 60, 62, 66]: 0.8010012515644556
[5, 29, 40, 52, 56, 58, 60, 62]: 0.8304130162703379
[5, 29, 40, 52, 56, 58, 60, 66]: 0.824468085106383
[5, 29, 40, 52, 56, 58, 62, 66]: 0.8031914893617021
[5, 29, 40, 52, 56, 60, 62, 66]: 0.8031914893617021
[5, 29, 40, 52, 58, 60, 62, 66]: 0.8438673341677096
[5, 29, 40, 56, 58, 60, 62, 66]: 0.804755944931164
[5, 29, 48, 52, 58, 60, 62, 66]: 0.8016270337922403
[5, 29, 52, 56, 58, 60, 62, 66]: 0.8069461827284106
[5, 34, 36, 40, 48, 52, 58, 60]: 0.821964956195244
[5, 34, 36, 40, 48, 58, 60, 66]: 0.8010012515644556
[5, 34, 36, 40, 52, 56, 58, 60]: 0.8041301627033792
[5, 34, 36, 40, 52, 58, 60, 62]: 0.8188360450563203
[5, 34, 36, 40, 52, 58, 60, 66]: 0.8222778473091364
[5, 34, 36, 48, 52, 58, 60, 66]: 0.8038172715894869
[5, 34, 40, 48, 52, 58, 60, 66]: 0.8063204005006258
[5, 34, 40, 52, 56, 58, 60, 62]: 0.8122653316645807
[5, 34, 40, 52, 56, 58, 60, 66]: 0.8060075093867334
[5, 34, 40, 52, 58, 60, 62, 66]: 0.821964956195244
[5, 36, 40, 48, 52, 58, 60, 62]: 0.8135168961201502
[5, 36, 40, 48, 52, 58, 60, 66]: 0.8216520650813517
[5, 36, 40, 52, 56, 58, 60, 62]: 0.8016270337922403
[5, 36, 40, 52, 58, 60, 62, 66]: 0.8147684605757196
[5, 40, 52, 56, 58, 60, 62, 66]: 0.8044430538172715
[7, 9, 29, 34, 40, 52, 58, 60]: 0.8066332916145181
[7, 9, 29, 36, 40, 52, 58, 60]: 0.8103879849812266
[7, 9, 29, 40, 52, 56, 58, 60]: 0.809136420525657
[7, 9, 29, 40, 52, 58, 60, 62]: 0.8053817271589487
[7, 9, 29, 40, 52, 58, 60, 66]: 0.8044430538172715
[7, 25, 29, 36, 40, 48, 52, 58]: 0.8041301627033792
[7, 25, 29, 36, 40, 48, 58, 60]: 0.8019399249061326
[7, 25, 29, 36, 40, 52, 58, 60]: 0.8157071339173968
[7, 25, 29, 36, 48, 52, 58, 60]: 0.8066332916145181
[7, 25, 29, 40, 48, 52, 58, 60]: 0.804755944931164
[7, 25, 29, 40, 52, 58, 60, 62]: 0.8019399249061326
[7, 25, 29, 40, 52, 58, 60, 66]: 0.8013141426783479
[7, 25, 36, 40, 48, 52, 58, 60]: 0.8006883604505632
[7, 29, 34, 36, 40, 48, 52, 58]: 0.8404255319148937
[7, 29, 34, 36, 40, 48, 52, 60]: 0.8332290362953693
[7, 29, 34, 36, 40, 48, 52, 62]: 0.8044430538172715
[7, 29, 34, 36, 40, 48, 52, 66]: 0.8044430538172715
[7, 29, 34, 36, 40, 48, 58, 60]: 0.8357321652065082
[7, 29, 34, 36, 40, 48, 58, 62]: 0.8072590738423029
[7, 29, 34, 36, 40, 48, 58, 66]: 0.8069461827284106
[7, 29, 34, 36, 40, 48, 60, 66]: 0.8072590738423029
[7, 29, 34, 36, 40, 52, 56, 58]: 0.8329161451814768
[7, 29, 34, 36, 40, 52, 56, 60]: 0.8194618272841051
[7, 29, 34, 36, 40, 52, 56, 62]: 0.8075719649561952
[7, 29, 34, 36, 40, 52, 58, 60]: 0.8617021276595744
[7, 29, 34, 36, 40, 52, 58, 62]: 0.8394868585732165
[7, 29, 34, 36, 40, 52, 58, 66]: 0.8282227784730913
[7, 29, 34, 36, 40, 52, 60, 62]: 0.8257196495619524
[7, 29, 34, 36, 40, 52, 60, 66]: 0.8285356695869838
[7, 29, 34, 36, 40, 56, 58, 60]: 0.8207133917396746
[7, 29, 34, 36, 40, 56, 58, 62]: 0.809136420525657
[7, 29, 34, 36, 40, 58, 60, 62]: 0.8285356695869838
[7, 29, 34, 36, 40, 58, 60, 66]: 0.8310387984981227
[7, 29, 34, 36, 48, 52, 56, 58]: 0.8050688360450563
[7, 29, 34, 36, 48, 52, 58, 60]: 0.8397997496871089
[7, 29, 34, 36, 48, 52, 58, 62]: 0.80819774718398
[7, 29, 34, 36, 48, 52, 58, 66]: 0.8107008760951189
[7, 29, 34, 36, 48, 52, 60, 62]: 0.8006883604505632
[7, 29, 34, 36, 48, 52, 60, 66]: 0.8110137672090113
[7, 29, 34, 36, 48, 58, 60, 62]: 0.8035043804755945
[7, 29, 34, 36, 48, 58, 60, 66]: 0.8135168961201502
[7, 29, 34, 36, 52, 56, 58, 60]: 0.8260325406758448
[7, 29, 34, 36, 52, 56, 58, 62]: 0.8113266583229036
[7, 29, 34, 36, 52, 58, 60, 62]: 0.8294743429286608
[7, 29, 34, 36, 52, 58, 60, 66]: 0.8347934918648311
[7, 29, 34, 36, 58, 60, 62, 66]: 0.8003754693366708
[7, 29, 34, 40, 48, 52, 56, 58]: 0.8060075093867334
[7, 29, 34, 40, 48, 52, 58, 60]: 0.8410513141426783
[7, 29, 34, 40, 48, 52, 58, 62]: 0.8125782227784731
[7, 29, 34, 40, 48, 52, 58, 66]: 0.8122653316645807
[7, 29, 34, 40, 48, 52, 60, 62]: 0.8050688360450563
[7, 29, 34, 40, 48, 52, 60, 66]: 0.8125782227784731
[7, 29, 34, 40, 48, 56, 58, 60]: 0.8000625782227785
[7, 29, 34, 40, 48, 58, 60, 62]: 0.8078848560700876
[7, 29, 34, 40, 48, 58, 60, 66]: 0.815081351689612
[7, 29, 34, 40, 52, 56, 58, 60]: 0.8494993742177722
[7, 29, 34, 40, 52, 56, 58, 62]: 0.8379224030037546
[7, 29, 34, 40, 52, 56, 58, 66]: 0.8160200250312891
[7, 29, 34, 40, 52, 56, 60, 62]: 0.8241551939924906
[7, 29, 34, 40, 52, 56, 60, 66]: 0.8163329161451814
[7, 29, 34, 40, 52, 58, 60, 62]: 0.8560700876095119
[7, 29, 34, 40, 52, 58, 60, 66]: 0.8585732165206508
[7, 29, 34, 40, 52, 58, 62, 66]: 0.8241551939924906
[7, 29, 34, 40, 52, 60, 62, 66]: 0.8241551939924906
[7, 29, 34, 40, 56, 58, 60, 62]: 0.8257196495619524
[7, 29, 34, 40, 56, 58, 60, 66]: 0.817584480600751
[7, 29, 34, 40, 58, 60, 62, 66]: 0.8269712140175219
[7, 29, 34, 48, 52, 56, 58, 60]: 0.8053817271589487
[7, 29, 34, 48, 52, 58, 60, 62]: 0.8088235294117647
[7, 29, 34, 48, 52, 58, 60, 66]: 0.8188360450563203
[7, 29, 34, 52, 56, 58, 60, 62]: 0.827909887359199
[7, 29, 34, 52, 56, 58, 60, 66]: 0.8225907384230288
[7, 29, 34, 52, 58, 60, 62, 66]: 0.827909887359199
[7, 29, 36, 40, 48, 52, 56, 58]: 0.8360450563204005
[7, 29, 36, 40, 48, 52, 56, 60]: 0.8288485607008761
[7, 29, 36, 40, 48, 52, 56, 62]: 0.809136420525657
[7, 29, 36, 40, 48, 52, 58, 60]: 0.8754693366708386
[7, 29, 36, 40, 48, 52, 58, 62]: 0.844180225281602
[7, 29, 36, 40, 48, 52, 58, 66]: 0.8423028785982478
[7, 29, 36, 40, 48, 52, 60, 62]: 0.8366708385481852
[7, 29, 36, 40, 48, 52, 60, 66]: 0.8426157697121401
[7, 29, 36, 40, 48, 52, 62, 66]: 0.8050688360450563
[7, 29, 36, 40, 48, 56, 58, 60]: 0.8301001251564456
[7, 29, 36, 40, 48, 56, 58, 62]: 0.8107008760951189
[7, 29, 36, 40, 48, 56, 60, 62]: 0.8031914893617021
[7, 29, 36, 40, 48, 58, 60, 62]: 0.8401126408010012
[7, 29, 36, 40, 48, 58, 60, 66]: 0.8457446808510638
[7, 29, 36, 40, 48, 58, 62, 66]: 0.8085106382978723
[7, 29, 36, 40, 48, 60, 62, 66]: 0.8085106382978723
[7, 29, 36, 40, 52, 56, 58, 60]: 0.8573216520650814
[7, 29, 36, 40, 52, 56, 58, 62]: 0.844180225281602
[7, 29, 36, 40, 52, 56, 58, 66]: 0.8194618272841051
[7, 29, 36, 40, 52, 56, 60, 62]: 0.8304130162703379
[7, 29, 36, 40, 52, 56, 60, 66]: 0.8197747183979975
[7, 29, 36, 40, 52, 58, 60, 62]: 0.8654568210262829
[7, 29, 36, 40, 52, 58, 60, 66]: 0.8663954943679599
[7, 29, 36, 40, 52, 58, 62, 66]: 0.8291614518147684
[7, 29, 36, 40, 52, 60, 62, 66]: 0.8291614518147684
[7, 29, 36, 40, 56, 58, 60, 62]: 0.8319774718397998
[7, 29, 36, 40, 56, 58, 60, 66]: 0.8210262828535669
[7, 29, 36, 40, 58, 60, 62, 66]: 0.8326032540675845
[7, 29, 36, 48, 52, 56, 58, 60]: 0.8360450563204005
[7, 29, 36, 48, 52, 56, 58, 62]: 0.8135168961201502
[7, 29, 36, 48, 52, 56, 58, 66]: 0.8025657071339174
[7, 29, 36, 48, 52, 56, 60, 62]: 0.8060075093867334
[7, 29, 36, 48, 52, 56, 60, 66]: 0.8028785982478097
[7, 29, 36, 48, 52, 58, 60, 62]: 0.8413642052565707
[7, 29, 36, 48, 52, 58, 60, 66]: 0.8498122653316645
[7, 29, 36, 48, 52, 58, 62, 66]: 0.8097622027534418
[7, 29, 36, 48, 52, 60, 62, 66]: 0.8097622027534418
[7, 29, 36, 48, 56, 58, 60, 62]: 0.8075719649561952
[7, 29, 36, 48, 56, 58, 60, 66]: 0.8041301627033792
[7, 29, 36, 48, 58, 60, 62, 66]: 0.8132040050062578
[7, 29, 36, 52, 56, 58, 60, 62]: 0.8347934918648311
[7, 29, 36, 52, 56, 58, 60, 66]: 0.8266583229036295
[7, 29, 36, 52, 58, 60, 62, 66]: 0.8338548185231539
[7, 29, 36, 56, 58, 60, 62, 66]: 0.8000625782227785
[7, 29, 40, 48, 52, 56, 58, 60]: 0.8366708385481852
[7, 29, 40, 48, 52, 56, 58, 62]: 0.8172715894868585
[7, 29, 40, 48, 52, 56, 58, 66]: 0.8035043804755945
[7, 29, 40, 48, 52, 56, 60, 62]: 0.8097622027534418
[7, 29, 40, 48, 52, 56, 60, 66]: 0.8038172715894869
[7, 29, 40, 48, 52, 58, 60, 62]: 0.8448060075093867
[7, 29, 40, 48, 52, 58, 60, 66]: 0.8504380475594493
[7, 29, 40, 48, 52, 58, 62, 66]: 0.8132040050062578
[7, 29, 40, 48, 52, 60, 62, 66]: 0.8132040050062578
[7, 29, 40, 48, 56, 58, 60, 62]: 0.8113266583229036
[7, 29, 40, 48, 56, 58, 60, 66]: 0.8050688360450563
[7, 29, 40, 48, 58, 60, 62, 66]: 0.8166458072590739
[7, 29, 40, 52, 56, 58, 60, 62]: 0.8607634543178974
[7, 29, 40, 52, 56, 58, 60, 66]: 0.8498122653316645
[7, 29, 40, 52, 56, 58, 62, 66]: 0.824468085106383
[7, 29, 40, 52, 56, 60, 62, 66]: 0.824468085106383
[7, 29, 40, 52, 58, 60, 62, 66]: 0.859511889862328
[7, 29, 40, 56, 58, 60, 62, 66]: 0.8260325406758448
[7, 29, 48, 52, 56, 58, 60, 62]: 0.814142678347935
[7, 29, 48, 52, 56, 58, 60, 66]: 0.8107008760951189
[7, 29, 48, 52, 58, 60, 62, 66]: 0.8178973717146433
[7, 29, 52, 56, 58, 60, 62, 66]: 0.8288485607008761
[7, 34, 36, 40, 48, 52, 58, 60]: 0.8335419274092616
[7, 34, 36, 40, 48, 52, 58, 62]: 0.8050688360450563
[7, 34, 36, 40, 48, 52, 58, 66]: 0.804755944931164
[7, 34, 36, 40, 48, 52, 60, 66]: 0.8050688360450563
[7, 34, 36, 40, 48, 58, 60, 62]: 0.8003754693366708
[7, 34, 36, 40, 48, 58, 60, 66]: 0.8075719649561952
[7, 34, 36, 40, 52, 56, 58, 60]: 0.8197747183979975
[7, 34, 36, 40, 52, 56, 58, 62]: 0.80819774718398
[7, 34, 36, 40, 52, 58, 60, 62]: 0.8263454317897372
[7, 34, 36, 40, 52, 58, 60, 66]: 0.8288485607008761
[7, 34, 36, 48, 52, 58, 60, 62]: 0.8013141426783479
[7, 34, 36, 48, 52, 58, 60, 66]: 0.8113266583229036
[7, 34, 40, 48, 52, 58, 60, 62]: 0.8056946182728411
[7, 34, 40, 48, 52, 58, 60, 66]: 0.8128911138923655
[7, 34, 40, 52, 56, 58, 60, 62]: 0.8247809762202754
[7, 34, 40, 52, 56, 58, 60, 66]: 0.8166458072590739
[7, 34, 40, 52, 58, 60, 62, 66]: 0.8247809762202754
[7, 36, 40, 48, 52, 56, 58, 60]: 0.8307259073842302
[7, 36, 40, 48, 52, 56, 58, 62]: 0.8113266583229036
[7, 36, 40, 48, 52, 56, 60, 62]: 0.8038172715894869
[7, 36, 40, 48, 52, 58, 60, 62]: 0.8388610763454318
[7, 36, 40, 48, 52, 58, 60, 66]: 0.8435544430538173
[7, 36, 40, 48, 52, 58, 62, 66]: 0.8063204005006258
[7, 36, 40, 48, 52, 60, 62, 66]: 0.8063204005006258
[7, 36, 40, 48, 56, 58, 60, 62]: 0.8053817271589487
[7, 36, 40, 48, 58, 60, 62, 66]: 0.8097622027534418
[7, 36, 40, 52, 56, 58, 60, 62]: 0.8326032540675845
[7, 36, 40, 52, 56, 58, 60, 66]: 0.8207133917396746
[7, 36, 40, 52, 58, 60, 62, 66]: 0.8304130162703379
[7, 36, 48, 52, 56, 58, 60, 62]: 0.80819774718398
[7, 36, 48, 52, 56, 58, 60, 66]: 0.8038172715894869
[7, 36, 48, 52, 58, 60, 62, 66]: 0.8110137672090113
[7, 40, 48, 52, 56, 58, 60, 62]: 0.8119524405506884
[7, 40, 48, 52, 56, 58, 60, 66]: 0.804755944931164
[7, 40, 48, 52, 58, 60, 62, 66]: 0.8144555694618273
[7, 40, 52, 56, 58, 60, 62, 66]: 0.8257196495619524
[9, 29, 34, 36, 40, 52, 58, 60]: 0.8097622027534418
[9, 29, 34, 40, 52, 56, 58, 60]: 0.804755944931164
[9, 29, 34, 40, 52, 58, 60, 62]: 0.8072590738423029
[9, 29, 34, 40, 52, 58, 60, 66]: 0.8072590738423029
[9, 29, 36, 40, 48, 52, 58, 60]: 0.8163329161451814
[9, 29, 36, 40, 52, 56, 58, 60]: 0.8078848560700876
[9, 29, 36, 40, 52, 58, 60, 62]: 0.8097622027534418
[9, 29, 36, 40, 52, 58, 60, 66]: 0.8085106382978723
[9, 29, 40, 52, 56, 58, 60, 62]: 0.8119524405506884
[9, 29, 40, 52, 56, 58, 60, 66]: 0.8016270337922403
[9, 29, 40, 52, 58, 60, 62, 66]: 0.8050688360450563
[25, 29, 34, 36, 40, 52, 58, 60]: 0.80819774718398
[25, 29, 36, 40, 48, 52, 58, 60]: 0.8335419274092616
[25, 29, 36, 40, 48, 52, 58, 62]: 0.8044430538172715
[25, 29, 36, 40, 48, 52, 58, 66]: 0.8006883604505632
[25, 29, 36, 40, 48, 52, 60, 66]: 0.8010012515644556
[25, 29, 36, 40, 48, 58, 60, 62]: 0.8022528160200251
[25, 29, 36, 40, 48, 58, 60, 66]: 0.8038172715894869
[25, 29, 36, 40, 52, 56, 58, 60]: 0.8016270337922403
[25, 29, 36, 40, 52, 58, 60, 62]: 0.8160200250312891
[25, 29, 36, 40, 52, 58, 60, 66]: 0.8153942428035044
[25, 29, 36, 48, 52, 58, 60, 62]: 0.8038172715894869
[25, 29, 36, 48, 52, 58, 60, 66]: 0.80819774718398
[25, 29, 40, 48, 52, 58, 60, 62]: 0.8050688360450563
[25, 29, 40, 48, 52, 58, 60, 66]: 0.8066332916145181
[25, 29, 40, 52, 58, 60, 62, 66]: 0.8031914893617021
[25, 36, 40, 48, 52, 58, 60, 62]: 0.8028785982478097
[25, 36, 40, 48, 52, 58, 60, 66]: 0.8031914893617021
[29, 34, 36, 40, 48, 52, 56, 58]: 0.8266583229036295
[29, 34, 36, 40, 48, 52, 56, 60]: 0.8194618272841051
[29, 34, 36, 40, 48, 52, 56, 62]: 0.8013141426783479
[29, 34, 36, 40, 48, 52, 58, 60]: 0.8667083854818524
[29, 34, 36, 40, 48, 52, 58, 62]: 0.8382352941176471
[29, 34, 36, 40, 48, 52, 58, 66]: 0.8376095118898623
[29, 34, 36, 40, 48, 52, 60, 62]: 0.8307259073842302
[29, 34, 36, 40, 48, 52, 60, 66]: 0.8379224030037546
[29, 34, 36, 40, 48, 52, 62, 66]: 0.8031914893617021
[29, 34, 36, 40, 48, 56, 58, 60]: 0.8207133917396746
[29, 34, 36, 40, 48, 56, 58, 62]: 0.8028785982478097
[29, 34, 36, 40, 48, 58, 60, 62]: 0.8335419274092616
[29, 34, 36, 40, 48, 58, 60, 66]: 0.8404255319148937
[29, 34, 36, 40, 48, 58, 62, 66]: 0.8060075093867334
[29, 34, 36, 40, 48, 60, 62, 66]: 0.8060075093867334
[29, 34, 36, 40, 52, 56, 58, 60]: 0.8479349186483104
[29, 34, 36, 40, 52, 56, 58, 62]: 0.8363579474342928
[29, 34, 36, 40, 52, 56, 58, 66]: 0.814142678347935
[29, 34, 36, 40, 52, 56, 60, 62]: 0.8225907384230288
[29, 34, 36, 40, 52, 56, 60, 66]: 0.8144555694618273
[29, 34, 36, 40, 52, 58, 60, 62]: 0.859511889862328
[29, 34, 36, 40, 52, 58, 60, 66]: 0.8617021276595744
[29, 34, 36, 40, 52, 58, 62, 66]: 0.8272841051314143
[29, 34, 36, 40, 52, 60, 62, 66]: 0.8272841051314143
[29, 34, 36, 40, 56, 58, 60, 62]: 0.8241551939924906
[29, 34, 36, 40, 56, 58, 60, 66]: 0.8157071339173968
[29, 34, 36, 40, 58, 60, 62, 66]: 0.8301001251564456
[29, 34, 36, 48, 52, 56, 58, 60]: 0.8260325406758448
[29, 34, 36, 48, 52, 56, 58, 62]: 0.8050688360450563
[29, 34, 36, 48, 52, 58, 60, 62]: 0.8344806007509387
[29, 34, 36, 48, 52, 58, 60, 66]: 0.844180225281602
[29, 34, 36, 48, 52, 58, 62, 66]: 0.8069461827284106
[29, 34, 36, 48, 52, 60, 62, 66]: 0.8069461827284106
[29, 34, 36, 48, 58, 60, 62, 66]: 0.8097622027534418
[29, 34, 36, 52, 56, 58, 60, 62]: 0.8263454317897372
[29, 34, 36, 52, 56, 58, 60, 66]: 0.8207133917396746
[29, 34, 36, 52, 58, 60, 62, 66]: 0.8310387984981227
[29, 34, 40, 48, 52, 56, 58, 60]: 0.8272841051314143
[29, 34, 40, 48, 52, 56, 58, 62]: 0.8094493116395495
[29, 34, 40, 48, 52, 56, 60, 62]: 0.8019399249061326
[29, 34, 40, 48, 52, 58, 60, 62]: 0.8388610763454318
[29, 34, 40, 48, 52, 58, 60, 66]: 0.8457446808510638
[29, 34, 40, 48, 52, 58, 62, 66]: 0.8113266583229036
[29, 34, 40, 48, 52, 60, 62, 66]: 0.8113266583229036
[29, 34, 40, 48, 56, 58, 60, 62]: 0.8035043804755945
[29, 34, 40, 48, 58, 60, 62, 66]: 0.814142678347935
[29, 34, 40, 52, 56, 58, 60, 62]: 0.8529411764705882
[29, 34, 40, 52, 56, 58, 60, 66]: 0.8444931163954944
[29, 34, 40, 52, 56, 58, 62, 66]: 0.8207133917396746
[29, 34, 40, 52, 56, 60, 62, 66]: 0.8207133917396746
[29, 34, 40, 52, 58, 60, 62, 66]: 0.8576345431789737
[29, 34, 40, 56, 58, 60, 62, 66]: 0.8222778473091364
[29, 34, 48, 52, 56, 58, 60, 62]: 0.8056946182728411
[29, 34, 48, 52, 56, 58, 60, 66]: 0.804755944931164
[29, 34, 48, 52, 58, 60, 62, 66]: 0.815081351689612
[29, 34, 52, 56, 58, 60, 62, 66]: 0.824468085106383
[29, 36, 40, 48, 52, 56, 58, 60]: 0.8579474342928661
[29, 36, 40, 48, 52, 56, 58, 62]: 0.8385481852315394
[29, 36, 40, 48, 52, 56, 58, 66]: 0.824468085106383
[29, 36, 40, 48, 52, 56, 60, 62]: 0.8310387984981227
[29, 36, 40, 48, 52, 56, 60, 66]: 0.8247809762202754
[29, 36, 40, 48, 52, 58, 60, 62]: 0.8717146433041302
[29, 36, 40, 48, 52, 58, 60, 66]: 0.8770337922403004
[29, 36, 40, 48, 52, 58, 62, 66]: 0.8397997496871089
[29, 36, 40, 48, 52, 60, 62, 66]: 0.8397997496871089
[29, 36, 40, 48, 56, 58, 60, 62]: 0.8326032540675845
[29, 36, 40, 48, 56, 58, 60, 66]: 0.8260325406758448
[29, 36, 40, 48, 56, 58, 62, 66]: 0.8006883604505632
[29, 36, 40, 48, 56, 60, 62, 66]: 0.8006883604505632
[29, 36, 40, 48, 58, 60, 62, 66]: 0.8432415519399249
[29, 36, 40, 52, 56, 58, 60, 62]: 0.8598247809762203
[29, 36, 40, 52, 56, 58, 60, 66]: 0.8485607008760951
[29, 36, 40, 52, 56, 58, 62, 66]: 0.8232165206508135
[29, 36, 40, 52, 56, 60, 62, 66]: 0.8232165206508135
[29, 36, 40, 52, 58, 60, 62, 66]: 0.863892365456821
[29, 36, 40, 56, 58, 60, 62, 66]: 0.8247809762202754
[29, 36, 48, 52, 56, 58, 60, 62]: 0.8354192740926157
[29, 36, 48, 52, 56, 58, 60, 66]: 0.8316645807259074
[29, 36, 48, 52, 56, 58, 62, 66]: 0.8035043804755945
[29, 36, 48, 52, 56, 60, 62, 66]: 0.8035043804755945
[29, 36, 48, 52, 58, 60, 62, 66]: 0.8444931163954944
[29, 36, 48, 56, 58, 60, 62, 66]: 0.8050688360450563
[29, 36, 52, 56, 58, 60, 62, 66]: 0.8275969962453066
[29, 40, 48, 52, 56, 58, 60, 62]: 0.8391739674593242
[29, 40, 48, 52, 56, 58, 60, 66]: 0.8326032540675845
[29, 40, 48, 52, 56, 58, 62, 66]: 0.8072590738423029
[29, 40, 48, 52, 56, 60, 62, 66]: 0.8072590738423029
[29, 40, 48, 52, 58, 60, 62, 66]: 0.8479349186483104
[29, 40, 48, 56, 58, 60, 62, 66]: 0.8088235294117647
[29, 40, 52, 56, 58, 60, 62, 66]: 0.853566958698373
[29, 48, 52, 56, 58, 60, 62, 66]: 0.811639549436796
[34, 36, 40, 48, 52, 56, 58, 60]: 0.8204005006257822
[34, 36, 40, 48, 52, 56, 58, 62]: 0.8025657071339174
[34, 36, 40, 48, 52, 58, 60, 62]: 0.8319774718397998
[34, 36, 40, 48, 52, 58, 60, 66]: 0.8388610763454318
[34, 36, 40, 48, 52, 58, 62, 66]: 0.8044430538172715
[34, 36, 40, 48, 52, 60, 62, 66]: 0.8044430538172715
[34, 36, 40, 48, 58, 60, 62, 66]: 0.8072590738423029
[34, 36, 40, 52, 56, 58, 60, 62]: 0.8238423028785983
[34, 36, 40, 52, 56, 58, 60, 66]: 0.8153942428035044
[34, 36, 40, 52, 58, 60, 62, 66]: 0.8285356695869838
[34, 36, 48, 52, 58, 60, 62, 66]: 0.80819774718398
[34, 40, 48, 52, 56, 58, 60, 62]: 0.8031914893617021
[34, 40, 48, 52, 58, 60, 62, 66]: 0.8125782227784731
[34, 40, 52, 56, 58, 60, 62, 66]: 0.821964956195244
[36, 40, 48, 52, 56, 58, 60, 62]: 0.8351063829787234
[36, 40, 48, 52, 56, 58, 60, 66]: 0.8269712140175219
[36, 40, 48, 52, 56, 58, 62, 66]: 0.8016270337922403
[36, 40, 48, 52, 56, 60, 62, 66]: 0.8016270337922403
[36, 40, 48, 52, 58, 60, 62, 66]: 0.8423028785982478
[36, 40, 48, 56, 58, 60, 62, 66]: 0.8031914893617021
[36, 40, 52, 56, 58, 60, 62, 66]: 0.8257196495619524
[36, 48, 52, 56, 58, 60, 62, 66]: 0.8060075093867334
[40, 48, 52, 56, 58, 60, 62, 66]: 0.8097622027534418
