[5, 7, 29, 34, 36, 40, 52, 58, 60]: 0.8169586983729662
[5, 7, 29, 34, 40, 52, 56, 58, 60]: 0.8056946182728411
[5, 7, 29, 34, 40, 52, 58, 60, 62]: 0.8153942428035044
[5, 7, 29, 34, 40, 52, 58, 60, 66]: 0.8191489361702128
[5, 7, 29, 36, 40, 48, 52, 58, 60]: 0.8103879849812266
[5, 7, 29, 36, 40, 52, 58, 60, 62]: 0.8069461827284106
[5, 7, 29, 36, 40, 52, 58, 60, 66]: 0.8110137672090113
[5, 7, 29, 40, 52, 56, 58, 60, 62]: 0.8022528160200251
[5, 7, 29, 40, 52, 58, 60, 62, 66]: 0.8103879849812266
[5, 29, 34, 36, 40, 48, 52, 58, 60]: 0.8207133917396746
[5, 29, 34, 36, 40, 52, 56, 58, 60]: 0.8028785982478097
[5, 29, 34, 36, 40, 52, 58, 60, 62]: 0.817584480600751
[5, 29, 34, 36, 40, 52, 58, 60, 66]: 0.8210262828535669
[5, 29, 34, 36, 48, 52, 58, 60, 66]: 0.8025657071339174
[5, 29, 34, 40, 48, 52, 58, 60, 66]: 0.8050688360450563
[5, 29, 34, 40, 52, 56, 58, 60, 62]: 0.8110137672090113
[5, 29, 34, 40, 52, 56, 58, 60, 66]: 0.804755944931164
[5, 29, 34, 40, 52, 58, 60, 62, 66]: 0.8207133917396746
[5, 29, 36, 40, 48, 52, 58, 60, 62]: 0.8119524405506884
[5, 29, 36, 40, 48, 52, 58, 60, 66]: 0.8204005006257822
[5, 29, 36, 40, 52, 56, 58, 60, 62]: 0.8000625782227785
[5, 29, 36, 40, 52, 58, 60, 62, 66]: 0.8135168961201502
[5, 29, 40, 52, 56, 58, 60, 62, 66]: 0.8031914893617021
[7, 29, 34, 36, 40, 48, 52, 58, 60]: 0.8329161451814768
[7, 29, 34, 36, 40, 48, 52, 58, 62]: 0.8044430538172715
[7, 29, 34, 36, 40, 48, 52, 58, 66]: 0.8041301627033792
[7, 29, 34, 36, 40, 48, 52, 60, 66]: 0.8044430538172715
[7, 29, 34, 36, 40, 48, 58, 60, 66]: 0.8069461827284106
[7, 29, 34, 36, 40, 52, 56, 58, 60]: 0.8191489361702128
[7, 29, 34, 36, 40, 52, 56, 58, 62]: 0.8075719649561952
[7, 29, 34, 36, 40, 52, 58, 60, 62]: 0.8257196495619524
[7, 29, 34, 36, 40, 52, 58, 60, 66]: 0.8282227784730913
[7, 29, 34, 36, 48, 52, 58, 60, 62]: 0.8006883604505632
[7, 29, 34, 36, 48, 52, 58, 60, 66]: 0.8107008760951189
[7, 29, 34, 40, 48, 52, 58, 60, 62]: 0.8050688360450563
[7, 29, 34, 40, 48, 52, 58, 60, 66]: 0.8122653316645807
[7, 29, 34, 40, 52, 56, 58, 60, 62]: 0.8241551939924906
[7, 29, 34, 40, 52, 56, 58, 60, 66]: 0.8160200250312891
[7, 29, 34, 40, 52, 58, 60, 62, 66]: 0.8241551939924906
[7, 29, 36, 40, 48, 52, 56, 58, 60]: 0.8285356695869838
[7, 29, 36, 40, 48, 52, 56, 58, 62]: 0.809136420525657
[7, 29, 36, 40, 48, 52, 56, 60, 62]: 0.8016270337922403
[7, 29, 36, 40, 48, 52, 58, 60, 62]: 0.8366708385481852
[7, 29, 36, 40, 48, 52, 58, 60, 66]: 0.8423028785982478
[7, 29, 36, 40, 48, 52, 58, 62, 66]: 0.8050688360450563
[7, 29, 36, 40, 48, 52, 60, 62, 66]: 0.8050688360450563
[7, 29, 36, 40, 48, 56, 58, 60, 62]: 0.8031914893617021
[7, 29, 36, 40, 48, 58, 60, 62, 66]: 0.8085106382978723
[7, 29, 36, 40, 52, 56, 58, 60, 62]: 0.8304130162703379
[7, 29, 36, 40, 52, 56, 58, 60, 66]: 0.8194618272841051
[7, 29, 36, 40, 52, 58, 60, 62, 66]: 0.8291614518147684
[7, 29, 36, 48, 52, 56, 58, 60, 62]: 0.8060075093867334
[7, 29, 36, 48, 52, 56, 58, 60, 66]: 0.8025657071339174
[7, 29, 36, 48, 52, 58, 60, 62, 66]: 0.8097622027534418
[7, 29, 40, 48, 52, 56, 58, 60, 62]: 0.8097622027534418
[7, 29, 40, 48, 52, 56, 58, 60, 66]: 0.8035043804755945
[7, 29, 40, 48, 52, 58, 60, 62, 66]: 0.8132040050062578
[7, 29, 40, 52, 56, 58, 60, 62, 66]: 0.824468085106383
[7, 34, 36, 40, 48, 52, 58, 60, 66]: 0.804755944931164
[7, 36, 40, 48, 52, 56, 58, 60, 62]: 0.8038172715894869
[7, 36, 40, 48, 52, 58, 60, 62, 66]: 0.8063204005006258
[25, 29, 36, 40, 48, 52, 58, 60, 66]: 0.8006883604505632
[29, 34, 36, 40, 48, 52, 56, 58, 60]: 0.8191489361702128
[29, 34, 36, 40, 48, 52, 56, 58, 62]: 0.8013141426783479
[29, 34, 36, 40, 48, 52, 58, 60, 62]: 0.8307259073842302
[29, 34, 36, 40, 48, 52, 58, 60, 66]: 0.8376095118898623
[29, 34, 36, 40, 48, 52, 58, 62, 66]: 0.8031914893617021
[29, 34, 36, 40, 48, 52, 60, 62, 66]: 0.8031914893617021
[29, 34, 36, 40, 48, 58, 60, 62, 66]: 0.8060075093867334
[29, 34, 36, 40, 52, 56, 58, 60, 62]: 0.8225907384230288
[29, 34, 36, 40, 52, 56, 58, 60, 66]: 0.814142678347935
[29, 34, 36, 40, 52, 58, 60, 62, 66]: 0.8272841051314143
[29, 34, 36, 48, 52, 58, 60, 62, 66]: 0.8069461827284106
[29, 34, 40, 48, 52, 56, 58, 60, 62]: 0.8019399249061326
[29, 34, 40, 48, 52, 58, 60, 62, 66]: 0.8113266583229036
[29, 34, 40, 52, 56, 58, 60, 62, 66]: 0.8207133917396746
[29, 36, 40, 48, 52, 56, 58, 60, 62]: 0.8310387984981227
[29, 36, 40, 48, 52, 56, 58, 60, 66]: 0.824468085106383
[29, 36, 40, 48, 52, 58, 60, 62, 66]: 0.8397997496871089
[29, 36, 40, 48, 56, 58, 60, 62, 66]: 0.8006883604505632
[29, 36, 40, 52, 56, 58, 60, 62, 66]: 0.8232165206508135
[29, 36, 48, 52, 56, 58, 60, 62, 66]: 0.8035043804755945
[29, 40, 48, 52, 56, 58, 60, 62, 66]: 0.8072590738423029
[34, 36, 40, 48, 52, 58, 60, 62, 66]: 0.8044430538172715
[36, 40, 48, 52, 56, 58, 60, 62, 66]: 0.8016270337922403
