[170, 180, 184]: 0.9769807935407576
[170, 180, 4426]: 0.951412959262733
[170, 180, 4428]: 0.9597724585083391
[170, 180, 4432]: 0.950862455653876
[170, 180, 4434]: 0.9530848591118541
[170, 180, 4438]: 0.9749011132406312
[170, 180, 7062]: 0.9685193491824002
[170, 184, 4426]: 0.951412959262733
[170, 184, 4428]: 0.9597724585083391
[170, 184, 4432]: 0.950862455653876
[170, 184, 4434]: 0.9530848591118541
[170, 184, 4438]: 0.9749011132406312
[170, 184, 7062]: 0.9685193491824002
[170, 4426, 4428]: 0.9555315418178852
[170, 4426, 4438]: 0.962524976552624
[170, 4426, 7062]: 0.956224768584594
[170, 4428, 4438]: 0.9709252538433307
[170, 4428, 7062]: 0.9646862129429515
[170, 4432, 4438]: 0.9622803082820209
[170, 4432, 7062]: 0.956306324674795
[170, 4434, 4438]: 0.9646658239204012
[170, 4434, 7062]: 0.9583860049749215
[170, 4438, 4940]: 0.960159849936794
[170, 4438, 7062]: 0.9798352566977939
[170, 4438, 7092]: 0.9577131672307629
[170, 4940, 7062]: 0.953859641968764
[170, 7062, 7092]: 0.951494515352934
[180, 184, 4426]: 0.9582432818170696
[180, 184, 4428]: 0.9666843371528769
[180, 184, 4432]: 0.9577743342984137
[180, 184, 4434]: 0.9599559597112914
[180, 184, 4438]: 0.9818537699302695
[180, 184, 4940]: 0.9561024344492925
[180, 184, 7062]: 0.9754720058720385
[180, 184, 7092]: 0.954165477307018
[180, 4426, 4438]: 0.9561636015169432
[180, 4428, 4438]: 0.9646046568527504
[180, 4428, 7062]: 0.9583860049749215
[180, 4432, 4438]: 0.9558781552012396
[180, 4434, 4438]: 0.9582228927945194
[180, 4434, 7062]: 0.95196346287159
[180, 4438, 4940]: 0.9540431431717163
[180, 4438, 7062]: 0.9734534926395628
[180, 4438, 7092]: 0.952126575051992
[184, 4426, 4438]: 0.9561636015169432
[184, 4428, 4438]: 0.9646046568527504
[184, 4428, 7062]: 0.9583860049749215
[184, 4432, 4438]: 0.9558781552012396
[184, 4434, 4438]: 0.9582228927945194
[184, 4434, 7062]: 0.95196346287159
[184, 4438, 4940]: 0.9540431431717163
[184, 4438, 7062]: 0.9734534926395628
[184, 4438, 7092]: 0.952126575051992
[4426, 4428, 4438]: 0.9628308118908779
[4426, 4428, 7062]: 0.9565917709904987
[4426, 4438, 7062]: 0.9635852057252375
[4428, 4432, 4438]: 0.9567956612160013
[4428, 4432, 7062]: 0.950862455653876
[4428, 4434, 4438]: 0.9574684989601598
[4428, 4434, 7062]: 0.9512906251274313
[4428, 4438, 4940]: 0.952513966480447
[4428, 4438, 7062]: 0.9722301512865473
[4428, 4438, 7092]: 0.9500876727969662
[4432, 4434, 4438]: 0.9542878114423194
[4432, 4438, 7062]: 0.9639929861762427
[4434, 4438, 7062]: 0.9661950006116706
[4436, 4438, 7062]: 0.9500468947518655
[4438, 4940, 7062]: 0.9609142437711536
[4438, 7062, 7092]: 0.958732618358276
