[33, 217]: 0.00852
[33, 283]: 0.00845
[33, 346]: 0.00844
[33, 515]: 0.00824
[39, 704]: 0.01107
[39, 825]: 0.01187
[70, 684]: 0.0086
[72, 541]: 0.00846
[208, 290]: 0.00803
[208, 888]: 0.00829
[208, 969]: 0.00806
[217, 283]: 0.00926
[217, 346]: 0.01336
[217, 515]: 0.00843
[227, 390]: 0.01049
[227, 722]: 0.00995
[283, 346]: 0.0091
[283, 515]: 0.00835
[290, 888]: 0.00826
[346, 515]: 0.00849
[368, 494]: 0.0086
[368, 682]: 0.01193
[368, 692]: 0.00928
[368, 829]: 0.01194
[390, 722]: 0.01042
[392, 489]: 0.00866
[392, 862]: 0.00881
[411, 803]: 0.00826
[438, 684]: 0.00825
[471, 678]: 0.0081
[471, 960]: 0.00935
[529, 598]: 0.00943
[529, 782]: 0.00862
[571, 795]: 0.00838
[623, 795]: 0.00805
[675, 886]: 0.00823
[684, 765]: 0.00812
[704, 825]: 0.01102
[789, 829]: 0.01194
[795, 853]: 0.00806
[888, 969]: 0.0081
[923, 947]: 0.00859
