[16, 19]: 0.9660730938318753
[16, 37]: 0.9584499015646047
[16, 55]: 0.9584795061947688
[16, 75]: 0.9614547715262667
[16, 88]: 0.9567624376452477
[16, 91]: 0.9648296993649806
[16, 106]: 0.9551489853013011
[16, 109]: 0.9647704901046523
[16, 124]: 0.9535355329573545
[16, 127]: 0.964711280844324
[19, 34]: 0.9575173557144337
[19, 37]: 0.9847240108352946
[19, 52]: 0.956614414494427
[19, 55]: 0.9847536154654588
[19, 72]: 0.9699068934381337
[19, 75]: 0.9877288807969566
[19, 85]: 0.9611587252246251
[19, 88]: 0.9830365469159377
[19, 91]: 0.9911038086356706
[19, 103]: 0.952114510709475
[19, 106]: 0.9814230945719911
[19, 109]: 0.9910445993753423
[19, 124]: 0.9798096422280445
[19, 127]: 0.990985390115014
[34, 37]: 0.9651701526118684
[34, 55]: 0.9575765649747621
[34, 75]: 0.9605518303062599
[34, 88]: 0.9558594964252409
[34, 91]: 0.9639267581449739
[34, 106]: 0.9542460440812943
[34, 109]: 0.9638675488846455
[34, 124]: 0.9526325917373477
[34, 127]: 0.9638083396243172
[37, 52]: 0.9566440191245911
[37, 55]: 0.9847832200956229
[37, 72]: 0.9699364980682978
[37, 75]: 0.9877584854271207
[37, 85]: 0.9611883298547893
[37, 88]: 0.9830661515461018
[37, 91]: 0.9911334132658348
[37, 103]: 0.9521441153396392
[37, 106]: 0.9814526992021552
[37, 109]: 0.9910742040055065
[37, 124]: 0.9798392468582087
[37, 127]: 0.9910149947451782
[52, 55]: 0.9642672113918617
[52, 75]: 0.9596488890862531
[52, 88]: 0.9549565552052341
[52, 91]: 0.9630238169249671
[52, 106]: 0.9533431028612875
[52, 109]: 0.9629646076646388
[52, 124]: 0.9517296505173409
[52, 127]: 0.9629053984043104
[55, 72]: 0.9699661026984621
[55, 75]: 0.987788090057285
[55, 85]: 0.9612179344849534
[55, 88]: 0.983095756176266
[55, 91]: 0.9911630178959989
[55, 103]: 0.9521737199698033
[55, 106]: 0.9814823038323194
[55, 109]: 0.9911038086356706
[55, 124]: 0.9798688514883728
[55, 127]: 0.9910445993753423
[72, 75]: 0.9775596903355684
[72, 88]: 0.9682490341489409
[72, 91]: 0.9763162958686739
[72, 106]: 0.9666355818049943
[72, 109]: 0.9762570866083455
[72, 124]: 0.9650221294610477
[72, 127]: 0.9761978773480172
[75, 85]: 0.9641931998164512
[75, 88]: 0.9860710215077638
[75, 91]: 0.9941382832274968
[75, 103]: 0.9551489853013011
[75, 106]: 0.9844575691638172
[75, 109]: 0.9940790739671684
[75, 124]: 0.9828441168198706
[75, 127]: 0.9940198647068401
[85, 88]: 0.9688115221220599
[85, 91]: 0.9688115221220599
[85, 106]: 0.9578874135914857
[85, 109]: 0.967508918394837
[85, 124]: 0.9562739612475392
[85, 127]: 0.9674497091345087
[88, 91]: 0.9906893438133724
[88, 103]: 0.9504566514202821
[88, 106]: 0.9797652352827982
[88, 109]: 0.9893867400861495
[88, 124]: 0.9781517829388516
[88, 127]: 0.9893275308258211
[91, 103]: 0.9585239131400151
[91, 106]: 0.9878324970025312
[91, 109]: 0.9974540018058824
[91, 121]: 0.9505602676258567
[91, 124]: 0.9862190446585846
[91, 127]: 0.9973947925455541
[103, 106]: 0.9597673076069098
[103, 109]: 0.9597673076069098
[103, 127]: 0.9584054946193584
[106, 109]: 0.9890758914694259
[106, 124]: 0.976538330594905
[106, 127]: 0.9877140784818745
[109, 121]: 0.9505010583655283
[109, 124]: 0.9861598353982562
[109, 127]: 0.9973355832852258
[121, 124]: 0.9518036620927514
[121, 127]: 0.9518036620927514
[124, 127]: 0.9874624391254793
