[16, 19, 37]: 0.9584499015646047
[16, 19, 55]: 0.9584795061947688
[16, 19, 75]: 0.9614547715262667
[16, 19, 88]: 0.9567624376452477
[16, 19, 91]: 0.9648296993649806
[16, 19, 106]: 0.9551489853013011
[16, 19, 109]: 0.9647704901046523
[16, 19, 124]: 0.9535355329573545
[16, 19, 127]: 0.964711280844324
[16, 37, 55]: 0.9508563139274983
[16, 37, 75]: 0.9538315792589961
[16, 37, 91]: 0.95720650709771
[16, 37, 109]: 0.9571472978373817
[16, 37, 127]: 0.9570880885770534
[16, 55, 75]: 0.9538611838891603
[16, 55, 91]: 0.9572361117278743
[16, 55, 109]: 0.9571769024675459
[16, 55, 127]: 0.9571176932072176
[16, 75, 88]: 0.9521441153396392
[16, 75, 91]: 0.9602113770593721
[16, 75, 106]: 0.9505306629956926
[16, 75, 109]: 0.9601521677990438
[16, 75, 127]: 0.9600929585387155
[16, 88, 91]: 0.9567624376452477
[16, 88, 109]: 0.9554598339180248
[16, 88, 127]: 0.9554006246576965
[16, 91, 106]: 0.9539055908344065
[16, 91, 109]: 0.9635270956377577
[16, 91, 124]: 0.9522921384904599
[16, 91, 127]: 0.9634678863774294
[16, 106, 109]: 0.9551489853013011
[16, 106, 127]: 0.9537871723137499
[16, 109, 124]: 0.9522329292301316
[16, 109, 127]: 0.9634086771171011
[16, 124, 127]: 0.9535355329573545
[19, 34, 37]: 0.9575173557144337
[19, 34, 75]: 0.9528990334088251
[19, 34, 91]: 0.9562739612475392
[19, 34, 109]: 0.9562147519872108
[19, 34, 127]: 0.9561555427268825
[19, 37, 55]: 0.9771304231981882
[19, 37, 72]: 0.9622837011708631
[19, 37, 75]: 0.980105688529686
[19, 37, 85]: 0.9535355329573545
[19, 37, 88]: 0.9754133546486671
[19, 37, 91]: 0.9834806163684
[19, 37, 106]: 0.9737999023047205
[19, 37, 109]: 0.9834214071080717
[19, 37, 124]: 0.9721864499607739
[19, 37, 127]: 0.9833621978477434
[19, 52, 55]: 0.956614414494427
[19, 52, 75]: 0.9519960921888183
[19, 52, 91]: 0.9553710200275323
[19, 52, 109]: 0.955311810767204
[19, 52, 127]: 0.9552526015068756
[19, 55, 72]: 0.9623133058010273
[19, 55, 75]: 0.9801352931598502
[19, 55, 85]: 0.9535651375875187
[19, 55, 88]: 0.9754429592788312
[19, 55, 91]: 0.9835102209985642
[19, 55, 106]: 0.9738295069348846
[19, 55, 109]: 0.9834510117382359
[19, 55, 124]: 0.9722160545909381
[19, 55, 127]: 0.9833918024779076
[19, 72, 75]: 0.9699068934381337
[19, 72, 88]: 0.9605962372515061
[19, 72, 91]: 0.9686634989712392
[19, 72, 106]: 0.9589827849075595
[19, 72, 109]: 0.9686042897109108
[19, 72, 124]: 0.9573693325636129
[19, 72, 127]: 0.9685450804505825
[19, 75, 85]: 0.9565404029190165
[19, 75, 88]: 0.978418224610329
[19, 75, 91]: 0.9864854863300621
[19, 75, 106]: 0.9768047722663825
[19, 75, 109]: 0.9864262770697337
[19, 75, 124]: 0.9751913199224359
[19, 75, 127]: 0.9863670678094054
[19, 85, 88]: 0.9611587252246251
[19, 85, 91]: 0.9611587252246251
[19, 85, 106]: 0.950234616694051
[19, 85, 109]: 0.9598561214974022
[19, 85, 127]: 0.9597969122370739
[19, 88, 91]: 0.9830365469159377
[19, 88, 106]: 0.9721124383853634
[19, 88, 109]: 0.9817339431887148
[19, 88, 124]: 0.9704989860414168
[19, 88, 127]: 0.9816747339283864
[19, 91, 103]: 0.9508711162425804
[19, 91, 106]: 0.9801797001050965
[19, 91, 109]: 0.9898012049084477
[19, 91, 124]: 0.9785662477611499
[19, 91, 127]: 0.9897419956481194
[19, 103, 106]: 0.952114510709475
[19, 103, 109]: 0.952114510709475
[19, 103, 127]: 0.9507526977219237
[19, 106, 109]: 0.9814230945719911
[19, 106, 124]: 0.9688855336974703
[19, 106, 127]: 0.9800612815844398
[19, 109, 124]: 0.9785070385008215
[19, 109, 127]: 0.9896827863877911
[19, 124, 127]: 0.9798096422280445
[34, 37, 55]: 0.9575765649747621
[34, 37, 75]: 0.9605518303062599
[34, 37, 88]: 0.9558594964252409
[34, 37, 91]: 0.9639267581449739
[34, 37, 106]: 0.9542460440812943
[34, 37, 109]: 0.9638675488846455
[34, 37, 124]: 0.9526325917373477
[34, 37, 127]: 0.9638083396243172
[34, 55, 75]: 0.9529582426691534
[34, 55, 91]: 0.9563331705078675
[34, 55, 109]: 0.9562739612475392
[34, 55, 127]: 0.9562147519872108
[34, 75, 88]: 0.9512411741196323
[34, 75, 91]: 0.9593084358393653
[34, 75, 109]: 0.959249226579037
[34, 75, 127]: 0.9591900173187087
[34, 88, 91]: 0.9558594964252409
[34, 88, 109]: 0.954556892698018
[34, 88, 127]: 0.9544976834376897
[34, 91, 106]: 0.9530026496143997
[34, 91, 109]: 0.962624154417751
[34, 91, 124]: 0.9513891972704531
[34, 91, 127]: 0.9625649451574226
[34, 106, 109]: 0.9542460440812943
[34, 106, 127]: 0.9528842310937431
[34, 109, 124]: 0.9513299880101248
[34, 109, 127]: 0.9625057358970943
[34, 124, 127]: 0.9526325917373477
[37, 52, 55]: 0.9566440191245911
[37, 52, 75]: 0.9520256968189825
[37, 52, 91]: 0.9554006246576965
[37, 52, 109]: 0.9553414153973682
[37, 52, 127]: 0.9552822061370398
[37, 55, 72]: 0.9623429104311915
[37, 55, 75]: 0.9801648977900144
[37, 55, 85]: 0.9535947422176828
[37, 55, 88]: 0.9754725639089954
[37, 55, 91]: 0.9835398256287283
[37, 55, 106]: 0.9738591115650488
[37, 55, 109]: 0.9834806163684
[37, 55, 124]: 0.9722456592211022
[37, 55, 127]: 0.9834214071080717
[37, 72, 75]: 0.9699364980682978
[37, 72, 88]: 0.9606258418816703
[37, 72, 91]: 0.9686931036014033
[37, 72, 106]: 0.9590123895377237
[37, 72, 109]: 0.9686338943410749
[37, 72, 124]: 0.9573989371937771
[37, 72, 127]: 0.9685746850807466
[37, 75, 85]: 0.9565700075491806
[37, 75, 88]: 0.9784478292404932
[37, 75, 91]: 0.9865150909602262
[37, 75, 106]: 0.9768343768965466
[37, 75, 109]: 0.9864558816998978
[37, 75, 124]: 0.9752209245526
[37, 75, 127]: 0.9863966724395695
[37, 85, 88]: 0.9611883298547893
[37, 85, 91]: 0.9611883298547893
[37, 85, 106]: 0.9502642213242151
[37, 85, 109]: 0.9598857261275664
[37, 85, 127]: 0.9598265168672381
[37, 88, 91]: 0.9830661515461018
[37, 88, 106]: 0.9721420430155276
[37, 88, 109]: 0.9817635478188789
[37, 88, 124]: 0.970528590671581
[37, 88, 127]: 0.9817043385585505
[37, 91, 103]: 0.9509007208727445
[37, 91, 106]: 0.9802093047352606
[37, 91, 109]: 0.9898308095386118
[37, 91, 124]: 0.978595852391314
[37, 91, 127]: 0.9897716002782835
[37, 103, 106]: 0.9521441153396392
[37, 103, 109]: 0.9521441153396392
[37, 103, 127]: 0.9507823023520878
[37, 106, 109]: 0.9814526992021552
[37, 106, 124]: 0.9689151383276344
[37, 106, 127]: 0.9800908862146039
[37, 109, 124]: 0.9785366431309857
[37, 109, 127]: 0.9897123910179552
[37, 124, 127]: 0.9798392468582087
[52, 55, 75]: 0.9596488890862531
[52, 55, 88]: 0.9549565552052341
[52, 55, 91]: 0.9630238169249671
[52, 55, 106]: 0.9533431028612875
[52, 55, 109]: 0.9629646076646388
[52, 55, 124]: 0.9517296505173409
[52, 55, 127]: 0.9629053984043104
[52, 75, 88]: 0.9503382328996255
[52, 75, 91]: 0.9584054946193584
[52, 75, 109]: 0.9583462853590301
[52, 75, 127]: 0.9582870760987018
[52, 88, 91]: 0.9549565552052341
[52, 88, 109]: 0.9536539514780111
[52, 88, 127]: 0.9535947422176828
[52, 91, 106]: 0.9520997083943928
[52, 91, 109]: 0.9617212131977442
[52, 91, 124]: 0.9504862560504463
[52, 91, 127]: 0.9616620039374159
[52, 106, 109]: 0.9533431028612875
[52, 106, 127]: 0.9519812898737362
[52, 109, 124]: 0.950427046790118
[52, 109, 127]: 0.9616027946770875
[52, 124, 127]: 0.9517296505173409
[55, 72, 75]: 0.9699661026984621
[55, 72, 88]: 0.9606554465118344
[55, 72, 91]: 0.9687227082315674
[55, 72, 106]: 0.9590419941678878
[55, 72, 109]: 0.9686634989712392
[55, 72, 124]: 0.9574285418239412
[55, 72, 127]: 0.9686042897109108
[55, 75, 85]: 0.9565996121793449
[55, 75, 88]: 0.9784774338706573
[55, 75, 91]: 0.9865446955903904
[55, 75, 106]: 0.9768639815267107
[55, 75, 109]: 0.9864854863300621
[55, 75, 124]: 0.9752505291827642
[55, 75, 127]: 0.9864262770697337
[55, 85, 88]: 0.9612179344849534
[55, 85, 91]: 0.9612179344849534
[55, 85, 106]: 0.9502938259543793
[55, 85, 109]: 0.9599153307577305
[55, 85, 127]: 0.9598561214974022
[55, 88, 91]: 0.983095756176266
[55, 88, 106]: 0.9721716476456917
[55, 88, 109]: 0.9817931524490431
[55, 88, 124]: 0.9705581953017451
[55, 88, 127]: 0.9817339431887148
[55, 91, 103]: 0.9509303255029087
[55, 91, 106]: 0.9802389093654248
[55, 91, 109]: 0.989860414168776
[55, 91, 124]: 0.9786254570214782
[55, 91, 127]: 0.9898012049084477
[55, 103, 106]: 0.9521737199698033
[55, 103, 109]: 0.9521737199698033
[55, 103, 127]: 0.950811906982252
[55, 106, 109]: 0.9814823038323194
[55, 106, 124]: 0.9689447429577986
[55, 106, 127]: 0.9801204908447682
[55, 109, 124]: 0.9785662477611499
[55, 109, 127]: 0.9897419956481194
[55, 124, 127]: 0.9798688514883728
[72, 75, 88]: 0.9682490341489409
[72, 75, 91]: 0.9763162958686739
[72, 75, 106]: 0.9666355818049943
[72, 75, 109]: 0.9762570866083455
[72, 75, 124]: 0.9650221294610477
[72, 75, 127]: 0.9761978773480172
[72, 88, 91]: 0.9682490341489409
[72, 88, 106]: 0.9573249256183667
[72, 88, 109]: 0.9669464304217179
[72, 88, 124]: 0.9557114732744201
[72, 88, 127]: 0.9668872211613896
[72, 91, 106]: 0.9653921873380997
[72, 91, 109]: 0.975013692141451
[72, 91, 124]: 0.9637787349941531
[72, 91, 127]: 0.9749544828811226
[72, 106, 109]: 0.9666355818049943
[72, 106, 124]: 0.9540980209304736
[72, 106, 127]: 0.9652737688174431
[72, 109, 124]: 0.9637195257338248
[72, 109, 127]: 0.9748952736207943
[72, 124, 127]: 0.9650221294610477
[75, 85, 88]: 0.9641931998164512
[75, 85, 91]: 0.9641931998164512
[75, 85, 106]: 0.9532690912858771
[75, 85, 109]: 0.9628905960892283
[75, 85, 124]: 0.9516556389419305
[75, 85, 127]: 0.9628313868289
[75, 88, 91]: 0.9860710215077638
[75, 88, 106]: 0.9751469129771896
[75, 88, 109]: 0.9847684177805409
[75, 88, 124]: 0.9735334606332431
[75, 88, 127]: 0.9847092085202126
[75, 91, 103]: 0.9539055908344065
[75, 91, 106]: 0.9832141746969226
[75, 91, 109]: 0.9928356795002738
[75, 91, 124]: 0.981600722352976
[75, 91, 127]: 0.9927764702399455
[75, 103, 106]: 0.9551489853013011
[75, 103, 109]: 0.9551489853013011
[75, 103, 127]: 0.9537871723137499
[75, 106, 109]: 0.9844575691638172
[75, 106, 124]: 0.9719200082892965
[75, 106, 127]: 0.983095756176266
[75, 109, 124]: 0.9815415130926477
[75, 109, 127]: 0.9927172609796172
[75, 124, 127]: 0.9828441168198706
[85, 88, 91]: 0.9688115221220599
[85, 88, 106]: 0.9578874135914857
[85, 88, 109]: 0.967508918394837
[85, 88, 124]: 0.9562739612475392
[85, 88, 127]: 0.9674497091345087
[85, 91, 106]: 0.9578874135914857
[85, 91, 109]: 0.967508918394837
[85, 91, 124]: 0.9562739612475392
[85, 91, 127]: 0.9674497091345087
[85, 106, 109]: 0.9578874135914857
[85, 106, 127]: 0.9565256006039344
[85, 109, 124]: 0.9549713575203161
[85, 109, 127]: 0.9661471054072857
[85, 124, 127]: 0.9562739612475392
[88, 91, 103]: 0.9504566514202821
[88, 91, 106]: 0.9797652352827982
[88, 91, 109]: 0.9893867400861495
[88, 91, 124]: 0.9781517829388516
[88, 91, 127]: 0.9893275308258211
[88, 103, 106]: 0.9504566514202821
[88, 103, 109]: 0.9504566514202821
[88, 106, 109]: 0.9797652352827982
[88, 106, 124]: 0.9672276744082775
[88, 106, 127]: 0.978403422295247
[88, 109, 124]: 0.9768491792116287
[88, 109, 127]: 0.9880249270985982
[88, 124, 127]: 0.9781517829388516
[91, 103, 106]: 0.9585239131400151
[91, 103, 109]: 0.9585239131400151
[91, 103, 127]: 0.9571621001524638
[91, 106, 109]: 0.9878324970025312
[91, 106, 124]: 0.9752949361280104
[91, 106, 127]: 0.98647068401498
[91, 109, 124]: 0.9849164409313617
[91, 109, 127]: 0.9960921888183312
[91, 121, 124]: 0.9505602676258567
[91, 121, 127]: 0.9505602676258567
[91, 124, 127]: 0.9862190446585846
[103, 106, 109]: 0.9597673076069098
[103, 106, 127]: 0.9584054946193584
[103, 109, 127]: 0.9584054946193584
[106, 109, 124]: 0.976538330594905
[106, 109, 127]: 0.9877140784818745
[106, 124, 127]: 0.976538330594905
[109, 121, 124]: 0.9505010583655283
[109, 121, 127]: 0.9505010583655283
[109, 124, 127]: 0.9861598353982562
[121, 124, 127]: 0.9518036620927514
