[16, 19, 37, 75, 91]: 0.9525881847921015
[16, 19, 37, 75, 109]: 0.9525289755317732
[16, 19, 37, 75, 127]: 0.9524697662714449
[16, 19, 37, 91, 109]: 0.9559039033704871
[16, 19, 37, 91, 127]: 0.9558446941101588
[16, 19, 37, 109, 127]: 0.9557854848498305
[16, 19, 55, 75, 91]: 0.9526177894222656
[16, 19, 55, 75, 109]: 0.9525585801619373
[16, 19, 55, 75, 127]: 0.952499370901609
[16, 19, 55, 91, 109]: 0.9559335080006514
[16, 19, 55, 91, 127]: 0.955874298740323
[16, 19, 55, 109, 127]: 0.9558150894799947
[16, 19, 75, 88, 91]: 0.9521441153396392
[16, 19, 75, 88, 109]: 0.9508415116124161
[16, 19, 75, 88, 127]: 0.9507823023520878
[16, 19, 75, 91, 109]: 0.9589087733321492
[16, 19, 75, 91, 127]: 0.9588495640718209
[16, 19, 75, 106, 109]: 0.9505306629956926
[16, 19, 75, 109, 127]: 0.9587903548114926
[16, 19, 88, 91, 109]: 0.9554598339180248
[16, 19, 88, 91, 127]: 0.9554006246576965
[16, 19, 88, 109, 127]: 0.9540980209304736
[16, 19, 91, 106, 109]: 0.9539055908344065
[16, 19, 91, 106, 127]: 0.9525437778468553
[16, 19, 91, 109, 124]: 0.950989534763237
[16, 19, 91, 109, 127]: 0.9621652826502065
[16, 19, 91, 124, 127]: 0.9522921384904599
[16, 19, 106, 109, 127]: 0.9537871723137499
[16, 19, 109, 124, 127]: 0.9522329292301316
[16, 37, 75, 91, 109]: 0.9512855810648786
[16, 37, 75, 91, 127]: 0.9512263718045503
[16, 37, 75, 109, 127]: 0.951167162544222
[16, 37, 91, 109, 127]: 0.9545420903829359
[16, 55, 75, 91, 109]: 0.9513151856950427
[16, 55, 75, 91, 127]: 0.9512559764347144
[16, 55, 75, 109, 127]: 0.9511967671743861
[16, 55, 91, 109, 127]: 0.9545716950131
[16, 75, 88, 91, 109]: 0.9508415116124161
[16, 75, 88, 91, 127]: 0.9507823023520878
[16, 75, 91, 109, 127]: 0.9575469603445979
[16, 88, 91, 109, 127]: 0.9540980209304736
[16, 91, 106, 109, 127]: 0.9525437778468553
[16, 91, 109, 124, 127]: 0.950989534763237
[19, 34, 37, 75, 91]: 0.9516556389419305
[19, 34, 37, 75, 109]: 0.9515964296816022
[19, 34, 37, 75, 127]: 0.9515372204212739
[19, 34, 37, 91, 109]: 0.9549713575203161
[19, 34, 37, 91, 127]: 0.9549121482599878
[19, 34, 37, 109, 127]: 0.9548529389996595
[19, 34, 75, 91, 109]: 0.9503530352147076
[19, 34, 75, 91, 127]: 0.9502938259543793
[19, 34, 75, 109, 127]: 0.950234616694051
[19, 34, 91, 109, 127]: 0.9536095445327649
[19, 37, 55, 72, 75]: 0.9546901135337567
[19, 37, 55, 72, 91]: 0.9534467190668621
[19, 37, 55, 72, 109]: 0.9533875098065338
[19, 37, 55, 72, 127]: 0.9533283005462054
[19, 37, 55, 75, 88]: 0.963201444705952
[19, 37, 55, 75, 91]: 0.971268706425685
[19, 37, 55, 75, 106]: 0.9615879923620054
[19, 37, 55, 75, 109]: 0.9712094971653566
[19, 37, 55, 75, 124]: 0.9599745400180588
[19, 37, 55, 75, 127]: 0.9711502879050283
[19, 37, 55, 88, 91]: 0.9678197670115606
[19, 37, 55, 88, 106]: 0.9568956584809865
[19, 37, 55, 88, 109]: 0.9665171632843377
[19, 37, 55, 88, 124]: 0.9552822061370398
[19, 37, 55, 88, 127]: 0.9664579540240094
[19, 37, 55, 91, 106]: 0.9649629202007194
[19, 37, 55, 91, 109]: 0.9745844250040706
[19, 37, 55, 91, 124]: 0.9633494678567728
[19, 37, 55, 91, 127]: 0.9745252157437423
[19, 37, 55, 106, 109]: 0.966206314667614
[19, 37, 55, 106, 124]: 0.9536687537930932
[19, 37, 55, 106, 127]: 0.9648445016800627
[19, 37, 55, 109, 124]: 0.9632902585964445
[19, 37, 55, 109, 127]: 0.974466006483414
[19, 37, 55, 124, 127]: 0.9645928623236675
[19, 37, 72, 75, 88]: 0.9529730449842355
[19, 37, 72, 75, 91]: 0.9610403067039684
[19, 37, 72, 75, 106]: 0.9513595926402889
[19, 37, 72, 75, 109]: 0.9609810974436401
[19, 37, 72, 75, 127]: 0.9609218881833119
[19, 37, 72, 88, 91]: 0.9529730449842355
[19, 37, 72, 88, 109]: 0.9516704412570126
[19, 37, 72, 88, 127]: 0.9516112319966843
[19, 37, 72, 91, 106]: 0.9501161981733943
[19, 37, 72, 91, 109]: 0.9597377029767455
[19, 37, 72, 91, 127]: 0.9596784937164172
[19, 37, 72, 106, 109]: 0.9513595926402889
[19, 37, 72, 109, 127]: 0.9596192844560889
[19, 37, 75, 88, 91]: 0.9707950323430584
[19, 37, 75, 88, 106]: 0.9598709238124843
[19, 37, 75, 88, 109]: 0.9694924286158355
[19, 37, 75, 88, 124]: 0.9582574714685377
[19, 37, 75, 88, 127]: 0.9694332193555072
[19, 37, 75, 91, 106]: 0.9679381855322172
[19, 37, 75, 91, 109]: 0.9775596903355684
[19, 37, 75, 91, 124]: 0.9663247331882706
[19, 37, 75, 91, 127]: 0.9775004810752401
[19, 37, 75, 106, 109]: 0.9691815799991118
[19, 37, 75, 106, 124]: 0.9566440191245911
[19, 37, 75, 106, 127]: 0.9678197670115606
[19, 37, 75, 109, 124]: 0.9662655239279423
[19, 37, 75, 109, 127]: 0.9774412718149118
[19, 37, 75, 124, 127]: 0.9675681276551653
[19, 37, 85, 88, 91]: 0.9535355329573545
[19, 37, 85, 88, 109]: 0.9522329292301316
[19, 37, 85, 88, 127]: 0.9521737199698033
[19, 37, 85, 91, 109]: 0.9522329292301316
[19, 37, 85, 91, 127]: 0.9521737199698033
[19, 37, 85, 109, 127]: 0.9508711162425804
[19, 37, 88, 91, 106]: 0.9644892461180928
[19, 37, 88, 91, 109]: 0.9741107509214442
[19, 37, 88, 91, 124]: 0.9628757937741462
[19, 37, 88, 91, 127]: 0.9740515416611158
[19, 37, 88, 106, 109]: 0.9644892461180928
[19, 37, 88, 106, 124]: 0.9519516852435721
[19, 37, 88, 106, 127]: 0.9631274331305416
[19, 37, 88, 109, 124]: 0.9615731900469233
[19, 37, 88, 109, 127]: 0.9727489379338928
[19, 37, 88, 124, 127]: 0.9628757937741462
[19, 37, 91, 106, 109]: 0.9725565078378259
[19, 37, 91, 106, 124]: 0.960018946963305
[19, 37, 91, 106, 127]: 0.9711946948502745
[19, 37, 91, 109, 124]: 0.9696404517666563
[19, 37, 91, 109, 127]: 0.9808161996536259
[19, 37, 91, 124, 127]: 0.9709430554938793
[19, 37, 106, 109, 124]: 0.9612623414301997
[19, 37, 106, 109, 127]: 0.9724380893171692
[19, 37, 106, 124, 127]: 0.9612623414301997
[19, 37, 109, 124, 127]: 0.970883846233551
[19, 52, 55, 75, 91]: 0.9507526977219237
[19, 52, 55, 75, 109]: 0.9506934884615954
[19, 52, 55, 75, 127]: 0.9506342792012671
[19, 52, 55, 91, 109]: 0.9540684163003094
[19, 52, 55, 91, 127]: 0.954009207039981
[19, 52, 55, 109, 127]: 0.9539499977796527
[19, 52, 91, 109, 127]: 0.9527066033127581
[19, 55, 72, 75, 88]: 0.9530026496143997
[19, 55, 72, 75, 91]: 0.9610699113341327
[19, 55, 72, 75, 106]: 0.9513891972704531
[19, 55, 72, 75, 109]: 0.9610107020738043
[19, 55, 72, 75, 127]: 0.960951492813476
[19, 55, 72, 88, 91]: 0.9530026496143997
[19, 55, 72, 88, 109]: 0.9517000458871767
[19, 55, 72, 88, 127]: 0.9516408366268484
[19, 55, 72, 91, 106]: 0.9501458028035584
[19, 55, 72, 91, 109]: 0.9597673076069098
[19, 55, 72, 91, 127]: 0.9597080983465814
[19, 55, 72, 106, 109]: 0.9513891972704531
[19, 55, 72, 106, 127]: 0.9500273842829019
[19, 55, 72, 109, 127]: 0.9596488890862531
[19, 55, 75, 88, 91]: 0.9708246369732226
[19, 55, 75, 88, 106]: 0.9599005284426484
[19, 55, 75, 88, 109]: 0.9695220332459997
[19, 55, 75, 88, 124]: 0.9582870760987018
[19, 55, 75, 88, 127]: 0.9694628239856714
[19, 55, 75, 91, 106]: 0.9679677901623814
[19, 55, 75, 91, 109]: 0.9775892949657327
[19, 55, 75, 91, 124]: 0.9663543378184348
[19, 55, 75, 91, 127]: 0.9775300857054043
[19, 55, 75, 106, 109]: 0.969211184629276
[19, 55, 75, 106, 124]: 0.9566736237547553
[19, 55, 75, 106, 127]: 0.9678493716417248
[19, 55, 75, 109, 124]: 0.9662951285581065
[19, 55, 75, 109, 127]: 0.977470876445076
[19, 55, 75, 124, 127]: 0.9675977322853294
[19, 55, 85, 88, 91]: 0.9535651375875187
[19, 55, 85, 88, 109]: 0.9522625338602958
[19, 55, 85, 88, 127]: 0.9522033245999675
[19, 55, 85, 91, 109]: 0.9522625338602958
[19, 55, 85, 91, 127]: 0.9522033245999675
[19, 55, 85, 109, 127]: 0.9509007208727445
[19, 55, 88, 91, 106]: 0.964518850748257
[19, 55, 88, 91, 109]: 0.9741403555516083
[19, 55, 88, 91, 124]: 0.9629053984043104
[19, 55, 88, 91, 127]: 0.97408114629128
[19, 55, 88, 106, 109]: 0.964518850748257
[19, 55, 88, 106, 124]: 0.9519812898737362
[19, 55, 88, 106, 127]: 0.9631570377607058
[19, 55, 88, 109, 124]: 0.9616027946770875
[19, 55, 88, 109, 127]: 0.972778542564057
[19, 55, 88, 124, 127]: 0.9629053984043104
[19, 55, 91, 106, 109]: 0.97258611246799
[19, 55, 91, 106, 124]: 0.9600485515934692
[19, 55, 91, 106, 127]: 0.9712242994804388
[19, 55, 91, 109, 124]: 0.9696700563968205
[19, 55, 91, 109, 127]: 0.98084580428379
[19, 55, 91, 124, 127]: 0.9709726601240434
[19, 55, 106, 109, 124]: 0.9612919460603638
[19, 55, 106, 109, 127]: 0.9724676939473333
[19, 55, 106, 124, 127]: 0.9612919460603638
[19, 55, 109, 124, 127]: 0.970913450863715
[19, 72, 75, 88, 91]: 0.9605962372515061
[19, 72, 75, 88, 109]: 0.9592936335242832
[19, 72, 75, 88, 127]: 0.9592344242639549
[19, 72, 75, 91, 106]: 0.9577393904406649
[19, 72, 75, 91, 109]: 0.9673608952440161
[19, 72, 75, 91, 124]: 0.9561259380967183
[19, 72, 75, 91, 127]: 0.9673016859836878
[19, 72, 75, 106, 109]: 0.9589827849075595
[19, 72, 75, 106, 127]: 0.9576209719200083
[19, 72, 75, 109, 124]: 0.95606672883639
[19, 72, 75, 109, 127]: 0.9672424767233595
[19, 72, 75, 124, 127]: 0.9573693325636129
[19, 72, 88, 91, 109]: 0.9592936335242832
[19, 72, 88, 91, 127]: 0.9592344242639549
[19, 72, 88, 109, 127]: 0.957931820536732
[19, 72, 91, 106, 109]: 0.9577393904406649
[19, 72, 91, 106, 127]: 0.9563775774531137
[19, 72, 91, 109, 124]: 0.9548233343694954
[19, 72, 91, 109, 127]: 0.9659990822564649
[19, 72, 91, 124, 127]: 0.9561259380967183
[19, 72, 106, 109, 127]: 0.9576209719200083
[19, 72, 109, 124, 127]: 0.95606672883639
[19, 75, 85, 88, 91]: 0.9565404029190165
[19, 75, 85, 88, 109]: 0.9552377991917936
[19, 75, 85, 88, 127]: 0.9551785899314653
[19, 75, 85, 91, 109]: 0.9552377991917936
[19, 75, 85, 91, 127]: 0.9551785899314653
[19, 75, 85, 109, 127]: 0.9538759862042423
[19, 75, 88, 91, 106]: 0.9674941160797549
[19, 75, 88, 91, 109]: 0.9771156208831061
[19, 75, 88, 91, 124]: 0.9658806637358083
[19, 75, 88, 91, 127]: 0.9770564116227778
[19, 75, 88, 106, 109]: 0.9674941160797549
[19, 75, 88, 106, 124]: 0.9549565552052341
[19, 75, 88, 106, 127]: 0.9661323030922037
[19, 75, 88, 109, 124]: 0.9645780600085854
[19, 75, 88, 109, 127]: 0.9757538078955549
[19, 75, 88, 124, 127]: 0.9658806637358083
[19, 75, 91, 106, 109]: 0.9755613777994878
[19, 75, 91, 106, 124]: 0.9630238169249671
[19, 75, 91, 106, 127]: 0.9741995648119366
[19, 75, 91, 109, 124]: 0.9726453217283183
[19, 75, 91, 109, 127]: 0.9838210696152878
[19, 75, 91, 124, 127]: 0.9739479254555412
[19, 75, 106, 109, 124]: 0.9642672113918617
[19, 75, 106, 109, 127]: 0.9754429592788312
[19, 75, 106, 124, 127]: 0.9642672113918617
[19, 75, 109, 124, 127]: 0.9738887161952129
[19, 85, 88, 91, 106]: 0.950234616694051
[19, 85, 88, 91, 109]: 0.9598561214974022
[19, 85, 88, 91, 127]: 0.9597969122370739
[19, 85, 88, 106, 109]: 0.950234616694051
[19, 85, 88, 109, 127]: 0.958494308509851
[19, 85, 91, 106, 109]: 0.950234616694051
[19, 85, 91, 109, 127]: 0.958494308509851
[19, 88, 91, 106, 109]: 0.9721124383853634
[19, 88, 91, 106, 124]: 0.9595748775108427
[19, 88, 91, 106, 127]: 0.9707506253978122
[19, 88, 91, 109, 124]: 0.9691963823141939
[19, 88, 91, 109, 127]: 0.9803721302011634
[19, 88, 91, 124, 127]: 0.9704989860414168
[19, 88, 106, 109, 124]: 0.9595748775108427
[19, 88, 106, 109, 127]: 0.9707506253978122
[19, 88, 106, 124, 127]: 0.9595748775108427
[19, 88, 109, 124, 127]: 0.9691963823141939
[19, 91, 103, 106, 109]: 0.9508711162425804
[19, 91, 106, 109, 124]: 0.9676421392305756
[19, 91, 106, 109, 127]: 0.9788178871175451
[19, 91, 106, 124, 127]: 0.9676421392305756
[19, 91, 109, 124, 127]: 0.977263644033927
[19, 103, 106, 109, 127]: 0.9507526977219237
[19, 106, 109, 124, 127]: 0.9688855336974703
[34, 37, 55, 75, 91]: 0.9517148482022588
[34, 37, 55, 75, 109]: 0.9516556389419305
[34, 37, 55, 75, 127]: 0.9515964296816022
[34, 37, 55, 91, 109]: 0.9550305667806445
[34, 37, 55, 91, 127]: 0.9549713575203161
[34, 37, 55, 109, 127]: 0.9549121482599878
[34, 37, 75, 88, 91]: 0.9512411741196323
[34, 37, 75, 91, 109]: 0.9580058321121423
[34, 37, 75, 91, 127]: 0.957946622851814
[34, 37, 75, 109, 127]: 0.9578874135914857
[34, 37, 88, 91, 109]: 0.954556892698018
[34, 37, 88, 91, 127]: 0.9544976834376897
[34, 37, 88, 109, 127]: 0.9531950797104667
[34, 37, 91, 106, 109]: 0.9530026496143997
[34, 37, 91, 106, 127]: 0.9516408366268484
[34, 37, 91, 109, 124]: 0.9500865935432301
[34, 37, 91, 109, 127]: 0.9612623414301997
[34, 37, 91, 124, 127]: 0.9513891972704531
[34, 37, 106, 109, 127]: 0.9528842310937431
[34, 37, 109, 124, 127]: 0.9513299880101248
[34, 55, 75, 91, 109]: 0.9504122444750359
[34, 55, 75, 91, 127]: 0.9503530352147076
[34, 55, 75, 109, 127]: 0.9502938259543793
[34, 55, 91, 109, 127]: 0.9536687537930932
[34, 75, 91, 109, 127]: 0.9566440191245911
[34, 88, 91, 109, 127]: 0.9531950797104667
[34, 91, 106, 109, 127]: 0.9516408366268484
[34, 91, 109, 124, 127]: 0.9500865935432301
[37, 52, 55, 75, 91]: 0.9507823023520878
[37, 52, 55, 75, 109]: 0.9507230930917595
[37, 52, 55, 75, 127]: 0.9506638838314312
[37, 52, 55, 91, 109]: 0.9540980209304736
[37, 52, 55, 91, 127]: 0.9540388116701453
[37, 52, 55, 109, 127]: 0.9539796024098169
[37, 52, 91, 109, 127]: 0.9527362079429222
[37, 55, 72, 75, 88]: 0.9530322542445638
[37, 55, 72, 75, 91]: 0.9610995159642968
[37, 55, 72, 75, 106]: 0.9514188019006172
[37, 55, 72, 75, 109]: 0.9610403067039684
[37, 55, 72, 75, 127]: 0.9609810974436401
[37, 55, 72, 88, 91]: 0.9530322542445638
[37, 55, 72, 88, 109]: 0.9517296505173409
[37, 55, 72, 88, 127]: 0.9516704412570126
[37, 55, 72, 91, 106]: 0.9501754074337226
[37, 55, 72, 91, 109]: 0.9597969122370739
[37, 55, 72, 91, 127]: 0.9597377029767455
[37, 55, 72, 106, 109]: 0.9514188019006172
[37, 55, 72, 106, 127]: 0.950056988913066
[37, 55, 72, 109, 127]: 0.9596784937164172
[37, 55, 75, 88, 91]: 0.9708542416033867
[37, 55, 75, 88, 106]: 0.9599301330728126
[37, 55, 75, 88, 109]: 0.9695516378761638
[37, 55, 75, 88, 124]: 0.958316680728866
[37, 55, 75, 88, 127]: 0.9694924286158355
[37, 55, 75, 91, 106]: 0.9679973947925455
[37, 55, 75, 91, 109]: 0.9776188995958968
[37, 55, 75, 91, 124]: 0.9663839424485989
[37, 55, 75, 91, 127]: 0.9775596903355684
[37, 55, 75, 106, 109]: 0.9692407892594401
[37, 55, 75, 106, 124]: 0.9567032283849194
[37, 55, 75, 106, 127]: 0.9678789762718889
[37, 55, 75, 109, 124]: 0.9663247331882706
[37, 55, 75, 109, 127]: 0.9775004810752401
[37, 55, 75, 124, 127]: 0.9676273369154936
[37, 55, 85, 88, 91]: 0.9535947422176828
[37, 55, 85, 88, 109]: 0.9522921384904599
[37, 55, 85, 88, 127]: 0.9522329292301316
[37, 55, 85, 91, 109]: 0.9522921384904599
[37, 55, 85, 91, 127]: 0.9522329292301316
[37, 55, 85, 109, 127]: 0.9509303255029087
[37, 55, 88, 91, 106]: 0.9645484553784212
[37, 55, 88, 91, 109]: 0.9741699601817724
[37, 55, 88, 91, 124]: 0.9629350030344745
[37, 55, 88, 91, 127]: 0.9741107509214442
[37, 55, 88, 106, 109]: 0.9645484553784212
[37, 55, 88, 106, 124]: 0.9520108945039004
[37, 55, 88, 106, 127]: 0.9631866423908699
[37, 55, 88, 109, 124]: 0.9616323993072516
[37, 55, 88, 109, 127]: 0.9728081471942212
[37, 55, 88, 124, 127]: 0.9629350030344745
[37, 55, 91, 106, 109]: 0.9726157170981542
[37, 55, 91, 106, 124]: 0.9600781562236333
[37, 55, 91, 106, 127]: 0.9712539041106029
[37, 55, 91, 109, 124]: 0.9696996610269846
[37, 55, 91, 109, 127]: 0.9808754089139542
[37, 55, 91, 124, 127]: 0.9710022647542076
[37, 55, 106, 109, 124]: 0.961321550690528
[37, 55, 106, 109, 127]: 0.9724972985774976
[37, 55, 106, 124, 127]: 0.961321550690528
[37, 55, 109, 124, 127]: 0.9709430554938793
[37, 72, 75, 88, 91]: 0.9606258418816703
[37, 72, 75, 88, 109]: 0.9593232381544473
[37, 72, 75, 88, 127]: 0.959264028894119
[37, 72, 75, 91, 106]: 0.9577689950708291
[37, 72, 75, 91, 109]: 0.9673904998741804
[37, 72, 75, 91, 124]: 0.9561555427268825
[37, 72, 75, 91, 127]: 0.967331290613852
[37, 72, 75, 106, 109]: 0.9590123895377237
[37, 72, 75, 106, 127]: 0.9576505765501725
[37, 72, 75, 109, 124]: 0.9560963334665542
[37, 72, 75, 109, 127]: 0.9672720813535237
[37, 72, 75, 124, 127]: 0.9573989371937771
[37, 72, 88, 91, 109]: 0.9593232381544473
[37, 72, 88, 91, 127]: 0.959264028894119
[37, 72, 88, 109, 127]: 0.9579614251668961
[37, 72, 91, 106, 109]: 0.9577689950708291
[37, 72, 91, 106, 127]: 0.9564071820832778
[37, 72, 91, 109, 124]: 0.9548529389996595
[37, 72, 91, 109, 127]: 0.966028686886629
[37, 72, 91, 124, 127]: 0.9561555427268825
[37, 72, 106, 109, 127]: 0.9576505765501725
[37, 72, 109, 124, 127]: 0.9560963334665542
[37, 75, 85, 88, 91]: 0.9565700075491806
[37, 75, 85, 88, 109]: 0.9552674038219577
[37, 75, 85, 88, 127]: 0.9552081945616294
[37, 75, 85, 91, 109]: 0.9552674038219577
[37, 75, 85, 91, 127]: 0.9552081945616294
[37, 75, 85, 109, 127]: 0.9539055908344065
[37, 75, 88, 91, 106]: 0.967523720709919
[37, 75, 88, 91, 109]: 0.9771452255132703
[37, 75, 88, 91, 124]: 0.9659102683659725
[37, 75, 88, 91, 127]: 0.977086016252942
[37, 75, 88, 106, 109]: 0.967523720709919
[37, 75, 88, 106, 124]: 0.9549861598353983
[37, 75, 88, 106, 127]: 0.9661619077223678
[37, 75, 88, 109, 124]: 0.9646076646387495
[37, 75, 88, 109, 127]: 0.975783412525719
[37, 75, 88, 124, 127]: 0.9659102683659725
[37, 75, 91, 106, 109]: 0.975590982429652
[37, 75, 91, 106, 124]: 0.9630534215551312
[37, 75, 91, 106, 127]: 0.9742291694421007
[37, 75, 91, 109, 124]: 0.9726749263584825
[37, 75, 91, 109, 127]: 0.983850674245452
[37, 75, 91, 124, 127]: 0.9739775300857054
[37, 75, 106, 109, 124]: 0.9642968160220259
[37, 75, 106, 109, 127]: 0.9754725639089954
[37, 75, 106, 124, 127]: 0.9642968160220259
[37, 75, 109, 124, 127]: 0.9739183208253771
[37, 85, 88, 91, 106]: 0.9502642213242151
[37, 85, 88, 91, 109]: 0.9598857261275664
[37, 85, 88, 91, 127]: 0.9598265168672381
[37, 85, 88, 106, 109]: 0.9502642213242151
[37, 85, 88, 109, 127]: 0.9585239131400151
[37, 85, 91, 106, 109]: 0.9502642213242151
[37, 85, 91, 109, 127]: 0.9585239131400151
[37, 88, 91, 106, 109]: 0.9721420430155276
[37, 88, 91, 106, 124]: 0.9596044821410068
[37, 88, 91, 106, 127]: 0.9707802300279764
[37, 88, 91, 109, 124]: 0.9692259869443581
[37, 88, 91, 109, 127]: 0.9804017348313276
[37, 88, 91, 124, 127]: 0.970528590671581
[37, 88, 106, 109, 124]: 0.9596044821410068
[37, 88, 106, 109, 127]: 0.9707802300279764
[37, 88, 106, 124, 127]: 0.9596044821410068
[37, 88, 109, 124, 127]: 0.9692259869443581
[37, 91, 103, 106, 109]: 0.9509007208727445
[37, 91, 106, 109, 124]: 0.9676717438607398
[37, 91, 106, 109, 127]: 0.9788474917477094
[37, 91, 106, 124, 127]: 0.9676717438607398
[37, 91, 109, 124, 127]: 0.9772932486640911
[37, 103, 106, 109, 127]: 0.9507823023520878
[37, 106, 109, 124, 127]: 0.9689151383276344
[52, 55, 75, 88, 91]: 0.9503382328996255
[52, 55, 75, 91, 109]: 0.9571028908921355
[52, 55, 75, 91, 127]: 0.9570436816318072
[52, 55, 75, 109, 127]: 0.9569844723714789
[52, 55, 88, 91, 109]: 0.9536539514780111
[52, 55, 88, 91, 127]: 0.9535947422176828
[52, 55, 88, 109, 127]: 0.9522921384904599
[52, 55, 91, 106, 109]: 0.9520997083943928
[52, 55, 91, 106, 127]: 0.9507378954068416
[52, 55, 91, 109, 127]: 0.9603594002101928
[52, 55, 91, 124, 127]: 0.9504862560504463
[52, 55, 106, 109, 127]: 0.9519812898737362
[52, 55, 109, 124, 127]: 0.950427046790118
[52, 75, 91, 109, 127]: 0.9557410779045843
[52, 88, 91, 109, 127]: 0.9522921384904599
[52, 91, 106, 109, 127]: 0.9507378954068416
[55, 72, 75, 88, 91]: 0.9606554465118344
[55, 72, 75, 88, 109]: 0.9593528427846115
[55, 72, 75, 88, 127]: 0.9592936335242832
[55, 72, 75, 91, 106]: 0.9577985997009932
[55, 72, 75, 91, 109]: 0.9674201045043445
[55, 72, 75, 91, 124]: 0.9561851473570466
[55, 72, 75, 91, 127]: 0.9673608952440161
[55, 72, 75, 106, 109]: 0.9590419941678878
[55, 72, 75, 106, 127]: 0.9576801811803366
[55, 72, 75, 109, 124]: 0.9561259380967183
[55, 72, 75, 109, 127]: 0.9673016859836878
[55, 72, 75, 124, 127]: 0.9574285418239412
[55, 72, 88, 91, 109]: 0.9593528427846115
[55, 72, 88, 91, 127]: 0.9592936335242832
[55, 72, 88, 109, 127]: 0.9579910297970603
[55, 72, 91, 106, 109]: 0.9577985997009932
[55, 72, 91, 106, 127]: 0.956436786713442
[55, 72, 91, 109, 124]: 0.9548825436298237
[55, 72, 91, 109, 127]: 0.9660582915167932
[55, 72, 91, 124, 127]: 0.9561851473570466
[55, 72, 106, 109, 127]: 0.9576801811803366
[55, 72, 109, 124, 127]: 0.9561259380967183
[55, 75, 85, 88, 91]: 0.9565996121793449
[55, 75, 85, 88, 109]: 0.955297008452122
[55, 75, 85, 88, 127]: 0.9552377991917936
[55, 75, 85, 91, 109]: 0.955297008452122
[55, 75, 85, 91, 127]: 0.9552377991917936
[55, 75, 85, 109, 127]: 0.9539351954645706
[55, 75, 88, 91, 106]: 0.9675533253400832
[55, 75, 88, 91, 109]: 0.9771748301434344
[55, 75, 88, 91, 124]: 0.9659398729961366
[55, 75, 88, 91, 127]: 0.9771156208831061
[55, 75, 88, 106, 109]: 0.9675533253400832
[55, 75, 88, 106, 124]: 0.9550157644655625
[55, 75, 88, 106, 127]: 0.966191512352532
[55, 75, 88, 109, 124]: 0.9646372692689137
[55, 75, 88, 109, 127]: 0.9758130171558832
[55, 75, 88, 124, 127]: 0.9659398729961366
[55, 75, 91, 106, 109]: 0.9756205870598161
[55, 75, 91, 106, 124]: 0.9630830261852954
[55, 75, 91, 106, 127]: 0.9742587740722649
[55, 75, 91, 109, 124]: 0.9727045309886466
[55, 75, 91, 109, 127]: 0.9838802788756161
[55, 75, 91, 124, 127]: 0.9740071347158695
[55, 75, 106, 109, 124]: 0.96432642065219
[55, 75, 106, 109, 127]: 0.9755021685391595
[55, 75, 106, 124, 127]: 0.96432642065219
[55, 75, 109, 124, 127]: 0.9739479254555412
[55, 85, 88, 91, 106]: 0.9502938259543793
[55, 85, 88, 91, 109]: 0.9599153307577305
[55, 85, 88, 91, 127]: 0.9598561214974022
[55, 85, 88, 106, 109]: 0.9502938259543793
[55, 85, 88, 109, 127]: 0.9585535177701793
[55, 85, 91, 106, 109]: 0.9502938259543793
[55, 85, 91, 109, 127]: 0.9585535177701793
[55, 88, 91, 106, 109]: 0.9721716476456917
[55, 88, 91, 106, 124]: 0.959634086771171
[55, 88, 91, 106, 127]: 0.9708098346581405
[55, 88, 91, 109, 124]: 0.9692555915745222
[55, 88, 91, 109, 127]: 0.9804313394614917
[55, 88, 91, 124, 127]: 0.9705581953017451
[55, 88, 106, 109, 124]: 0.959634086771171
[55, 88, 106, 109, 127]: 0.9708098346581405
[55, 88, 106, 124, 127]: 0.959634086771171
[55, 88, 109, 124, 127]: 0.9692555915745222
[55, 91, 103, 106, 109]: 0.9509303255029087
[55, 91, 106, 109, 124]: 0.967701348490904
[55, 91, 106, 109, 127]: 0.9788770963778735
[55, 91, 106, 124, 127]: 0.967701348490904
[55, 91, 109, 124, 127]: 0.9773228532942552
[55, 103, 106, 109, 127]: 0.950811906982252
[55, 106, 109, 124, 127]: 0.9689447429577986
[72, 75, 88, 91, 106]: 0.9573249256183667
[72, 75, 88, 91, 109]: 0.9669464304217179
[72, 75, 88, 91, 124]: 0.9557114732744201
[72, 75, 88, 91, 127]: 0.9668872211613896
[72, 75, 88, 106, 109]: 0.9573249256183667
[72, 75, 88, 106, 127]: 0.9559631126308155
[72, 75, 88, 109, 124]: 0.9544088695471972
[72, 75, 88, 109, 127]: 0.9655846174341667
[72, 75, 88, 124, 127]: 0.9557114732744201
[72, 75, 91, 106, 109]: 0.9653921873380997
[72, 75, 91, 106, 124]: 0.9528546264635789
[72, 75, 91, 106, 127]: 0.9640303743505484
[72, 75, 91, 109, 124]: 0.9624761312669301
[72, 75, 91, 109, 127]: 0.9736518791538997
[72, 75, 91, 124, 127]: 0.9637787349941531
[72, 75, 106, 109, 124]: 0.9540980209304736
[72, 75, 106, 109, 127]: 0.9652737688174431
[72, 75, 106, 124, 127]: 0.9540980209304736
[72, 75, 109, 124, 127]: 0.9637195257338248
[72, 88, 91, 106, 109]: 0.9573249256183667
[72, 88, 91, 106, 127]: 0.9559631126308155
[72, 88, 91, 109, 124]: 0.9544088695471972
[72, 88, 91, 109, 127]: 0.9655846174341667
[72, 88, 91, 124, 127]: 0.9557114732744201
[72, 88, 106, 109, 127]: 0.9559631126308155
[72, 88, 109, 124, 127]: 0.9544088695471972
[72, 91, 106, 109, 124]: 0.9528546264635789
[72, 91, 106, 109, 127]: 0.9640303743505484
[72, 91, 106, 124, 127]: 0.9528546264635789
[72, 91, 109, 124, 127]: 0.9624761312669301
[72, 106, 109, 124, 127]: 0.9540980209304736
[75, 85, 88, 91, 106]: 0.9532690912858771
[75, 85, 88, 91, 109]: 0.9628905960892283
[75, 85, 88, 91, 124]: 0.9516556389419305
[75, 85, 88, 91, 127]: 0.9628313868289
[75, 85, 88, 106, 109]: 0.9532690912858771
[75, 85, 88, 106, 127]: 0.9519072782983259
[75, 85, 88, 109, 124]: 0.9503530352147076
[75, 85, 88, 109, 127]: 0.9615287831016771
[75, 85, 88, 124, 127]: 0.9516556389419305
[75, 85, 91, 106, 109]: 0.9532690912858771
[75, 85, 91, 106, 127]: 0.9519072782983259
[75, 85, 91, 109, 124]: 0.9503530352147076
[75, 85, 91, 109, 127]: 0.9615287831016771
[75, 85, 91, 124, 127]: 0.9516556389419305
[75, 85, 106, 109, 127]: 0.9519072782983259
[75, 85, 109, 124, 127]: 0.9503530352147076
[75, 88, 91, 106, 109]: 0.9751469129771896
[75, 88, 91, 106, 124]: 0.9626093521026688
[75, 88, 91, 106, 127]: 0.9737850999896384
[75, 88, 91, 109, 124]: 0.9722308569060201
[75, 88, 91, 109, 127]: 0.9834066047929896
[75, 88, 91, 124, 127]: 0.9735334606332431
[75, 88, 106, 109, 124]: 0.9626093521026688
[75, 88, 106, 109, 127]: 0.9737850999896384
[75, 88, 106, 124, 127]: 0.9626093521026688
[75, 88, 109, 124, 127]: 0.9722308569060201
[75, 91, 103, 106, 109]: 0.9539055908344065
[75, 91, 103, 106, 127]: 0.9525437778468553
[75, 91, 103, 109, 127]: 0.9525437778468553
[75, 91, 106, 109, 124]: 0.9706766138224018
[75, 91, 106, 109, 127]: 0.9818523617093713
[75, 91, 106, 124, 127]: 0.9706766138224018
[75, 91, 109, 124, 127]: 0.9802981186257531
[75, 103, 106, 109, 127]: 0.9537871723137499
[75, 106, 109, 124, 127]: 0.9719200082892965
[85, 88, 91, 106, 109]: 0.9578874135914857
[85, 88, 91, 106, 127]: 0.9565256006039344
[85, 88, 91, 109, 124]: 0.9549713575203161
[85, 88, 91, 109, 127]: 0.9661471054072857
[85, 88, 91, 124, 127]: 0.9562739612475392
[85, 88, 106, 109, 127]: 0.9565256006039344
[85, 88, 109, 124, 127]: 0.9549713575203161
[85, 91, 106, 109, 127]: 0.9565256006039344
[85, 91, 109, 124, 127]: 0.9549713575203161
[88, 91, 103, 106, 109]: 0.9504566514202821
[88, 91, 106, 109, 124]: 0.9672276744082775
[88, 91, 106, 109, 127]: 0.978403422295247
[88, 91, 106, 124, 127]: 0.9672276744082775
[88, 91, 109, 124, 127]: 0.9768491792116287
[88, 106, 109, 124, 127]: 0.9672276744082775
[91, 103, 106, 109, 127]: 0.9571621001524638
[91, 106, 109, 124, 127]: 0.9752949361280104
