[5, 29]: 0.9274092615769712
[5, 34]: 0.9039424280350438
[5, 40]: 0.9230287859824781
[5, 52]: 0.9261576971214017
[5, 58]: 0.9292866082603254
[5, 60]: 0.9148936170212766
[7, 29]: 0.9602628285356696
[7, 34]: 0.9167709637046307
[7, 36]: 0.9321026282853567
[7, 40]: 0.9543178973717147
[7, 48]: 0.9051939924906133
[7, 52]: 0.9590112640801002
[7, 56]: 0.9133291614518148
[7, 58]: 0.9621401752190237
[7, 60]: 0.9483729662077597
[7, 62]: 0.9198998748435544
[7, 66]: 0.909261576971214
[29, 34]: 0.9499374217772215
[29, 36]: 0.9649561952440551
[29, 40]: 0.987171464330413
[29, 48]: 0.9380475594493116
[29, 52]: 0.9918648310387985
[29, 56]: 0.9405506883604505
[29, 58]: 0.9949937421777222
[29, 60]: 0.981226533166458
[29, 62]: 0.9527534418022529
[29, 66]: 0.9427409261576971
[34, 36]: 0.9208385481852316
[34, 40]: 0.9439924906132666
[34, 52]: 0.9483729662077597
[34, 56]: 0.9023779724655819
[34, 58]: 0.9508760951188986
[34, 60]: 0.9371088861076345
[34, 62]: 0.9114518147684606
[34, 66]: 0.9030037546933667
[36, 40]: 0.9615143929912391
[36, 48]: 0.9346057571964956
[36, 52]: 0.9662077596996246
[36, 56]: 0.9148936170212766
[36, 58]: 0.9693366708385481
[36, 60]: 0.9549436795994993
[36, 62]: 0.9270963704630788
[36, 66]: 0.9148936170212766
[40, 48]: 0.9346057571964956
[40, 52]: 0.9884230287859824
[40, 56]: 0.9374217772215269
[40, 58]: 0.9915519399249061
[40, 60]: 0.9774718397997497
[40, 62]: 0.9527534418022529
[40, 66]: 0.9377346683354193
[48, 52]: 0.9392991239048811
[48, 58]: 0.9424280350438048
[48, 60]: 0.9342928660826032
[48, 62]: 0.9001877346683355
[52, 56]: 0.9436795994993742
[52, 58]: 0.9962453066332916
[52, 60]: 0.9818523153942428
[52, 62]: 0.9540050062578223
[52, 66]: 0.94180225281602
[56, 58]: 0.9449311639549437
[56, 60]: 0.9305381727158949
[56, 62]: 0.9145807259073843
[58, 60]: 0.9849812265331664
[58, 62]: 0.9574468085106383
[58, 66]: 0.9449311639549437
[60, 62]: 0.9430538172715894
[60, 66]: 0.945244055068836
[62, 66]: 0.904881101376721
