[5, 29, 34]: 0.9026908635794744
[5, 29, 40]: 0.9208385481852316
[5, 29, 52]: 0.9239674593241552
[5, 29, 58]: 0.9270963704630788
[5, 29, 60]: 0.9133291614518148
[5, 34, 52]: 0.9011264080100125
[5, 34, 58]: 0.9036295369211514
[5, 40, 52]: 0.9195869837296621
[5, 40, 58]: 0.9227158948685857
[5, 40, 60]: 0.9086357947434293
[5, 52, 58]: 0.9258448060075094
[5, 52, 60]: 0.9114518147684606
[5, 58, 60]: 0.9145807259073843
[7, 29, 34]: 0.9161451814768461
[7, 29, 36]: 0.9299123904881101
[7, 29, 40]: 0.9521276595744681
[7, 29, 48]: 0.9030037546933667
[7, 29, 52]: 0.9568210262828536
[7, 29, 56]: 0.9111389236545682
[7, 29, 58]: 0.9599499374217773
[7, 29, 60]: 0.9461827284105131
[7, 29, 62]: 0.9177096370463079
[7, 29, 66]: 0.9080100125156445
[7, 34, 40]: 0.9095744680851063
[7, 34, 52]: 0.9139549436795995
[7, 34, 58]: 0.9164580725907384
[7, 34, 60]: 0.9026908635794744
[7, 36, 40]: 0.9239674593241552
[7, 36, 52]: 0.9286608260325406
[7, 36, 58]: 0.9317897371714643
[7, 36, 60]: 0.9180225281602002
[7, 40, 52]: 0.9508760951188986
[7, 40, 56]: 0.9055068836045056
[7, 40, 58]: 0.9540050062578223
[7, 40, 60]: 0.9405506883604505
[7, 40, 62]: 0.9152065081351689
[7, 40, 66]: 0.9017521902377973
[7, 48, 52]: 0.9017521902377973
[7, 48, 58]: 0.904881101376721
[7, 52, 56]: 0.9117647058823529
[7, 52, 58]: 0.9586983729662077
[7, 52, 60]: 0.9449311639549437
[7, 52, 62]: 0.9164580725907384
[7, 52, 66]: 0.905819774718398
[7, 56, 58]: 0.9130162703379224
[7, 58, 60]: 0.9480600750938674
[7, 58, 62]: 0.9198998748435544
[7, 58, 66]: 0.9089486858573217
[7, 60, 62]: 0.9061326658322904
[7, 60, 66]: 0.909261576971214
[29, 34, 36]: 0.9195869837296621
[29, 34, 40]: 0.9427409261576971
[29, 34, 52]: 0.9471214017521903
[29, 34, 56]: 0.9011264080100125
[29, 34, 58]: 0.9496245306633292
[29, 34, 60]: 0.935857321652065
[29, 34, 62]: 0.9102002503128911
[29, 34, 66]: 0.9017521902377973
[29, 36, 40]: 0.9568210262828536
[29, 36, 48]: 0.9299123904881101
[29, 36, 52]: 0.9615143929912391
[29, 36, 56]: 0.9102002503128911
[29, 36, 58]: 0.9646433041301627
[29, 36, 60]: 0.9508760951188986
[29, 36, 62]: 0.9224030037546934
[29, 36, 66]: 0.9123904881101377
[29, 40, 48]: 0.9299123904881101
[29, 40, 52]: 0.983729662077597
[29, 40, 56]: 0.9327284105131415
[29, 40, 58]: 0.9868585732165206
[29, 40, 60]: 0.973404255319149
[29, 40, 62]: 0.9480600750938674
[29, 40, 66]: 0.9352315394242804
[29, 48, 52]: 0.9346057571964956
[29, 48, 58]: 0.9377346683354193
[29, 48, 60]: 0.9302252816020025
[29, 52, 56]: 0.9389862327909887
[29, 52, 58]: 0.9915519399249061
[29, 52, 60]: 0.977784730913642
[29, 52, 62]: 0.9493116395494368
[29, 52, 66]: 0.9392991239048811
[29, 56, 58]: 0.9402377972465582
[29, 56, 60]: 0.9264705882352942
[29, 56, 62]: 0.9098873591989988
[29, 58, 60]: 0.9809136420525657
[29, 58, 62]: 0.9527534418022529
[29, 58, 66]: 0.9424280350438048
[29, 60, 62]: 0.9389862327909887
[29, 60, 66]: 0.9427409261576971
[29, 62, 66]: 0.9023779724655819
[34, 36, 40]: 0.9136420525657072
[34, 36, 52]: 0.9180225281602002
[34, 36, 58]: 0.9205256570713392
[34, 36, 60]: 0.9067584480600751
[34, 40, 52]: 0.9411764705882353
[34, 40, 58]: 0.9436795994993742
[34, 40, 60]: 0.9302252816020025
[34, 40, 62]: 0.9076971214017522
[34, 52, 56]: 0.9008135168961201
[34, 52, 58]: 0.9480600750938674
[34, 52, 60]: 0.9342928660826032
[34, 52, 62]: 0.9086357947434293
[34, 52, 66]: 0.9001877346683355
[34, 56, 58]: 0.9020650813516896
[34, 58, 60]: 0.9367959949937422
[34, 58, 62]: 0.9114518147684606
[34, 58, 66]: 0.9026908635794744
[34, 60, 66]: 0.9030037546933667
[36, 40, 48]: 0.9264705882352942
[36, 40, 52]: 0.958072590738423
[36, 40, 56]: 0.9070713391739674
[36, 40, 58]: 0.9612015018773467
[36, 40, 60]: 0.9471214017521903
[36, 40, 62]: 0.9224030037546934
[36, 40, 66]: 0.9073842302878599
[36, 48, 52]: 0.9311639549436797
[36, 48, 58]: 0.9342928660826032
[36, 48, 60]: 0.9261576971214017
[36, 52, 56]: 0.9133291614518148
[36, 52, 58]: 0.9658948685857321
[36, 52, 60]: 0.9515018773466833
[36, 52, 62]: 0.9236545682102628
[36, 52, 66]: 0.9114518147684606
[36, 56, 58]: 0.9145807259073843
[36, 56, 60]: 0.9001877346683355
[36, 58, 60]: 0.954630788485607
[36, 58, 62]: 0.9270963704630788
[36, 58, 66]: 0.9145807259073843
[36, 60, 62]: 0.91270337922403
[36, 60, 66]: 0.9148936170212766
[40, 48, 52]: 0.9311639549436797
[40, 48, 58]: 0.9342928660826032
[40, 48, 60]: 0.9264705882352942
[40, 52, 56]: 0.935857321652065
[40, 52, 58]: 0.9881101376720901
[40, 52, 60]: 0.9740300375469336
[40, 52, 62]: 0.9493116395494368
[40, 52, 66]: 0.9342928660826032
[40, 56, 58]: 0.9371088861076345
[40, 56, 60]: 0.9230287859824781
[40, 56, 62]: 0.9102002503128911
[40, 58, 60]: 0.9771589486858573
[40, 58, 62]: 0.9527534418022529
[40, 58, 66]: 0.9374217772215269
[40, 60, 62]: 0.938360450563204
[40, 60, 66]: 0.9377346683354193
[40, 62, 66]: 0.9001877346683355
[48, 52, 58]: 0.9389862327909887
[48, 52, 60]: 0.9308510638297872
[48, 58, 60]: 0.9339799749687109
[48, 58, 62]: 0.9001877346683355
[52, 56, 58]: 0.9433667083854819
[52, 56, 60]: 0.9289737171464331
[52, 56, 62]: 0.9130162703379224
[52, 58, 60]: 0.9815394242803505
[52, 58, 62]: 0.9540050062578223
[52, 58, 66]: 0.9414893617021277
[52, 60, 62]: 0.9396120150187734
[52, 60, 66]: 0.94180225281602
[52, 62, 66]: 0.9014392991239049
[56, 58, 60]: 0.9302252816020025
[56, 58, 62]: 0.9145807259073843
[56, 60, 62]: 0.9001877346683355
[58, 60, 62]: 0.9430538172715894
[58, 60, 66]: 0.9449311639549437
[58, 62, 66]: 0.904881101376721
[60, 62, 66]: 0.904881101376721
