[5, 29, 40, 52, 58, 60]: 0.9033166458072591
[7, 29, 34, 40, 52, 58]: 0.905819774718398
[7, 29, 36, 40, 52, 58]: 0.9180225281602002
[7, 29, 36, 40, 52, 60]: 0.9045682102628285
[7, 29, 36, 40, 58, 60]: 0.9076971214017522
[7, 29, 36, 52, 58, 60]: 0.9120775969962454
[7, 29, 40, 52, 56, 58]: 0.9014392991239049
[7, 29, 40, 52, 58, 60]: 0.9346057571964956
[7, 29, 40, 52, 58, 62]: 0.9095744680851063
[7, 29, 40, 58, 60, 66]: 0.9001877346683355
[7, 29, 52, 58, 60, 62]: 0.9005006257822278
[7, 29, 52, 58, 60, 66]: 0.9042553191489362
[7, 36, 40, 52, 58, 60]: 0.9064455569461827
[29, 34, 36, 40, 52, 58]: 0.909261576971214
[29, 34, 36, 52, 58, 60]: 0.9023779724655819
[29, 34, 40, 52, 58, 60]: 0.9258448060075094
[29, 34, 40, 52, 58, 62]: 0.9036295369211514
[29, 36, 40, 48, 52, 58]: 0.9180225281602002
[29, 36, 40, 48, 52, 60]: 0.9108260325406758
[29, 36, 40, 48, 58, 60]: 0.9139549436795995
[29, 36, 40, 52, 56, 58]: 0.9005006257822278
[29, 36, 40, 52, 58, 60]: 0.9392991239048811
[29, 36, 40, 52, 58, 62]: 0.9142678347934918
[29, 36, 40, 52, 58, 66]: 0.9011264080100125
[29, 36, 40, 52, 60, 62]: 0.9005006257822278
[29, 36, 40, 52, 60, 66]: 0.9014392991239049
[29, 36, 40, 58, 60, 62]: 0.9039424280350438
[29, 36, 40, 58, 60, 66]: 0.9045682102628285
[29, 36, 48, 52, 58, 60]: 0.9183354192740926
[29, 36, 52, 58, 60, 62]: 0.9051939924906133
[29, 36, 52, 58, 60, 66]: 0.9086357947434293
[29, 40, 48, 52, 58, 60]: 0.918648310387985
[29, 40, 52, 56, 58, 60]: 0.9170838548185232
[29, 40, 52, 56, 58, 62]: 0.9039424280350438
[29, 40, 52, 58, 60, 62]: 0.9308510638297872
[29, 40, 52, 58, 60, 66]: 0.931476846057572
[36, 40, 48, 52, 58, 60]: 0.9145807259073843
[36, 40, 52, 58, 60, 62]: 0.9045682102628285
[36, 40, 52, 58, 60, 66]: 0.9036295369211514
